?SNDlib native format; type: network; version: 1.0
# network nobel-germany

# NODE SECTION
#
# <node_id> [(<longitude>, <latitude>)]

NODES (
  Hannover ( 9.80 52.39 )
  Frankfurt ( 8.66 50.14 )
  Hamburg ( 10.08 53.55 )
  Norden ( 7.21 53.60 )
  Bremen ( 8.80 53.08 )
  Berlin ( 13.48 52.52 )
  Muenchen ( 11.55 48.15 )
  Ulm ( 9.99 48.40 )
  Nuernberg ( 11.08 49.45 )
  Stuttgart ( 9.12 48.73 )
  Karlsruhe ( 8.41 49.01 )
  Mannheim ( 8.49 49.49 )
  Essen ( 7.00 51.44 )
  Dortmund ( 7.48 51.51 )
  Duesseldorf ( 6.78 51.22 )
  Koeln ( 7.01 50.92 )
  Leipzig ( 12.38 51.34 )
)

# LINK SECTION
#
# <link_id> ( <source> <target> ) <pre_installed_capacity> <pre_installed_capacity_cost> <routing_cost> <setup_cost> ( {<module_capacity> <module_cost>}* )

LINKS (
  L1 ( Berlin Hamburg ) 0.00 0.00 0.00 0.00 ( 20.00 3580.00 40.00 4580.00 60.00 8160.00 80.00 9160.00 100.00 12740.00 120.00 13740.00 140.00 17320.00 160.00 18320.00 180.00 21900.00 200.00 22900.00 220.00 26480.00 240.00 27480.00 260.00 31060.00 280.00 32060.00 300.00 35640.00 320.00 36640.00 340.00 40220.00 360.00 41220.00 380.00 44800.00 400.00 45800.00 420.00 49380.00 440.00 50380.00 460.00 53960.00 480.00 54960.00 500.00 58540.00 520.00 59540.00 540.00 63120.00 560.00 64120.00 580.00 67700.00 600.00 68700.00 620.00 72280.00 640.00 73280.00 660.00 76860.00 680.00 77860.00 700.00 81440.00 720.00 82440.00 740.00 86020.00 760.00 87020.00 780.00 90600.00 800.00 91600.00 )
  L2 ( Berlin Hannover ) 0.00 0.00 0.00 0.00 ( 20.00 3580.00 40.00 4580.00 60.00 8160.00 80.00 9160.00 100.00 12740.00 120.00 13740.00 140.00 17320.00 160.00 18320.00 180.00 21900.00 200.00 22900.00 220.00 26480.00 240.00 27480.00 260.00 31060.00 280.00 32060.00 300.00 35640.00 320.00 36640.00 340.00 40220.00 360.00 41220.00 380.00 44800.00 400.00 45800.00 420.00 49380.00 440.00 50380.00 460.00 53960.00 480.00 54960.00 500.00 58540.00 520.00 59540.00 540.00 63120.00 560.00 64120.00 580.00 67700.00 600.00 68700.00 620.00 72280.00 640.00 73280.00 660.00 76860.00 680.00 77860.00 700.00 81440.00 720.00 82440.00 740.00 86020.00 760.00 87020.00 780.00 90600.00 800.00 91600.00 )
  L3 ( Berlin Leipzig ) 0.00 0.00 0.00 0.00 ( 20.00 3150.00 40.00 4150.00 60.00 7300.00 80.00 8300.00 100.00 11450.00 120.00 12450.00 140.00 15600.00 160.00 16600.00 180.00 19750.00 200.00 20750.00 220.00 23900.00 240.00 24900.00 260.00 28050.00 280.00 29050.00 300.00 32200.00 320.00 33200.00 340.00 36350.00 360.00 37350.00 380.00 40500.00 400.00 41500.00 420.00 44650.00 440.00 45650.00 460.00 48800.00 480.00 49800.00 500.00 52950.00 520.00 53950.00 540.00 57100.00 560.00 58100.00 580.00 61250.00 600.00 62250.00 620.00 65400.00 640.00 66400.00 660.00 69550.00 680.00 70550.00 700.00 73700.00 720.00 74700.00 740.00 77850.00 760.00 78850.00 780.00 82000.00 800.00 83000.00 )
  L4 ( Bremen Hamburg ) 0.00 0.00 0.00 0.00 ( 20.00 2720.00 40.00 3720.00 60.00 6440.00 80.00 7440.00 100.00 10160.00 120.00 11160.00 140.00 13880.00 160.00 14880.00 180.00 17600.00 200.00 18600.00 220.00 21320.00 240.00 22320.00 260.00 25040.00 280.00 26040.00 300.00 28760.00 320.00 29760.00 340.00 32480.00 360.00 33480.00 380.00 36200.00 400.00 37200.00 420.00 39920.00 440.00 40920.00 460.00 43640.00 480.00 44640.00 500.00 47360.00 520.00 48360.00 540.00 51080.00 560.00 52080.00 580.00 54800.00 600.00 55800.00 620.00 58520.00 640.00 59520.00 660.00 62240.00 680.00 63240.00 700.00 65960.00 720.00 66960.00 740.00 69680.00 760.00 70680.00 780.00 73400.00 800.00 74400.00 )
  L5 ( Bremen Hannover ) 0.00 0.00 0.00 0.00 ( 20.00 2720.00 40.00 3720.00 60.00 6440.00 80.00 7440.00 100.00 10160.00 120.00 11160.00 140.00 13880.00 160.00 14880.00 180.00 17600.00 200.00 18600.00 220.00 21320.00 240.00 22320.00 260.00 25040.00 280.00 26040.00 300.00 28760.00 320.00 29760.00 340.00 32480.00 360.00 33480.00 380.00 36200.00 400.00 37200.00 420.00 39920.00 440.00 40920.00 460.00 43640.00 480.00 44640.00 500.00 47360.00 520.00 48360.00 540.00 51080.00 560.00 52080.00 580.00 54800.00 600.00 55800.00 620.00 58520.00 640.00 59520.00 660.00 62240.00 680.00 63240.00 700.00 65960.00 720.00 66960.00 740.00 69680.00 760.00 70680.00 780.00 73400.00 800.00 74400.00 )
  L6 ( Bremen Norden ) 0.00 0.00 0.00 0.00 ( 20.00 2720.00 40.00 3720.00 60.00 6440.00 80.00 7440.00 100.00 10160.00 120.00 11160.00 140.00 13880.00 160.00 14880.00 180.00 17600.00 200.00 18600.00 220.00 21320.00 240.00 22320.00 260.00 25040.00 280.00 26040.00 300.00 28760.00 320.00 29760.00 340.00 32480.00 360.00 33480.00 380.00 36200.00 400.00 37200.00 420.00 39920.00 440.00 40920.00 460.00 43640.00 480.00 44640.00 500.00 47360.00 520.00 48360.00 540.00 51080.00 560.00 52080.00 580.00 54800.00 600.00 55800.00 620.00 58520.00 640.00 59520.00 660.00 62240.00 680.00 63240.00 700.00 65960.00 720.00 66960.00 740.00 69680.00 760.00 70680.00 780.00 73400.00 800.00 74400.00 )
  L7 ( Dortmund Essen ) 0.00 0.00 0.00 0.00 ( 20.00 2290.00 40.00 3290.00 60.00 5580.00 80.00 6580.00 100.00 8870.00 120.00 9870.00 140.00 12160.00 160.00 13160.00 180.00 15450.00 200.00 16450.00 220.00 18740.00 240.00 19740.00 260.00 22030.00 280.00 23030.00 300.00 25320.00 320.00 26320.00 340.00 28610.00 360.00 29610.00 380.00 31900.00 400.00 32900.00 420.00 35190.00 440.00 36190.00 460.00 38480.00 480.00 39480.00 500.00 41770.00 520.00 42770.00 540.00 45060.00 560.00 46060.00 580.00 48350.00 600.00 49350.00 620.00 51640.00 640.00 52640.00 660.00 54930.00 680.00 55930.00 700.00 58220.00 720.00 59220.00 740.00 61510.00 760.00 62510.00 780.00 64800.00 800.00 65800.00 )
  L8 ( Dortmund Hannover ) 0.00 0.00 0.00 0.00 ( 20.00 3150.00 40.00 4150.00 60.00 7300.00 80.00 8300.00 100.00 11450.00 120.00 12450.00 140.00 15600.00 160.00 16600.00 180.00 19750.00 200.00 20750.00 220.00 23900.00 240.00 24900.00 260.00 28050.00 280.00 29050.00 300.00 32200.00 320.00 33200.00 340.00 36350.00 360.00 37350.00 380.00 40500.00 400.00 41500.00 420.00 44650.00 440.00 45650.00 460.00 48800.00 480.00 49800.00 500.00 52950.00 520.00 53950.00 540.00 57100.00 560.00 58100.00 580.00 61250.00 600.00 62250.00 620.00 65400.00 640.00 66400.00 660.00 69550.00 680.00 70550.00 700.00 73700.00 720.00 74700.00 740.00 77850.00 760.00 78850.00 780.00 82000.00 800.00 83000.00 )
  L9 ( Dortmund Koeln ) 0.00 0.00 0.00 0.00 ( 20.00 2720.00 40.00 3720.00 60.00 6440.00 80.00 7440.00 100.00 10160.00 120.00 11160.00 140.00 13880.00 160.00 14880.00 180.00 17600.00 200.00 18600.00 220.00 21320.00 240.00 22320.00 260.00 25040.00 280.00 26040.00 300.00 28760.00 320.00 29760.00 340.00 32480.00 360.00 33480.00 380.00 36200.00 400.00 37200.00 420.00 39920.00 440.00 40920.00 460.00 43640.00 480.00 44640.00 500.00 47360.00 520.00 48360.00 540.00 51080.00 560.00 52080.00 580.00 54800.00 600.00 55800.00 620.00 58520.00 640.00 59520.00 660.00 62240.00 680.00 63240.00 700.00 65960.00 720.00 66960.00 740.00 69680.00 760.00 70680.00 780.00 73400.00 800.00 74400.00 )
  L10 ( Dortmund Norden ) 0.00 0.00 0.00 0.00 ( 20.00 3580.00 40.00 4580.00 60.00 8160.00 80.00 9160.00 100.00 12740.00 120.00 13740.00 140.00 17320.00 160.00 18320.00 180.00 21900.00 200.00 22900.00 220.00 26480.00 240.00 27480.00 260.00 31060.00 280.00 32060.00 300.00 35640.00 320.00 36640.00 340.00 40220.00 360.00 41220.00 380.00 44800.00 400.00 45800.00 420.00 49380.00 440.00 50380.00 460.00 53960.00 480.00 54960.00 500.00 58540.00 520.00 59540.00 540.00 63120.00 560.00 64120.00 580.00 67700.00 600.00 68700.00 620.00 72280.00 640.00 73280.00 660.00 76860.00 680.00 77860.00 700.00 81440.00 720.00 82440.00 740.00 86020.00 760.00 87020.00 780.00 90600.00 800.00 91600.00 )
  L11 ( Duesseldorf Essen ) 0.00 0.00 0.00 0.00 ( 20.00 2290.00 40.00 3290.00 60.00 5580.00 80.00 6580.00 100.00 8870.00 120.00 9870.00 140.00 12160.00 160.00 13160.00 180.00 15450.00 200.00 16450.00 220.00 18740.00 240.00 19740.00 260.00 22030.00 280.00 23030.00 300.00 25320.00 320.00 26320.00 340.00 28610.00 360.00 29610.00 380.00 31900.00 400.00 32900.00 420.00 35190.00 440.00 36190.00 460.00 38480.00 480.00 39480.00 500.00 41770.00 520.00 42770.00 540.00 45060.00 560.00 46060.00 580.00 48350.00 600.00 49350.00 620.00 51640.00 640.00 52640.00 660.00 54930.00 680.00 55930.00 700.00 58220.00 720.00 59220.00 740.00 61510.00 760.00 62510.00 780.00 64800.00 800.00 65800.00 )
  L12 ( Duesseldorf Koeln ) 0.00 0.00 0.00 0.00 ( 20.00 2290.00 40.00 3290.00 60.00 5580.00 80.00 6580.00 100.00 8870.00 120.00 9870.00 140.00 12160.00 160.00 13160.00 180.00 15450.00 200.00 16450.00 220.00 18740.00 240.00 19740.00 260.00 22030.00 280.00 23030.00 300.00 25320.00 320.00 26320.00 340.00 28610.00 360.00 29610.00 380.00 31900.00 400.00 32900.00 420.00 35190.00 440.00 36190.00 460.00 38480.00 480.00 39480.00 500.00 41770.00 520.00 42770.00 540.00 45060.00 560.00 46060.00 580.00 48350.00 600.00 49350.00 620.00 51640.00 640.00 52640.00 660.00 54930.00 680.00 55930.00 700.00 58220.00 720.00 59220.00 740.00 61510.00 760.00 62510.00 780.00 64800.00 800.00 65800.00 )
  L13 ( Frankfurt Hannover ) 0.00 0.00 0.00 0.00 ( 20.00 3580.00 40.00 4580.00 60.00 8160.00 80.00 9160.00 100.00 12740.00 120.00 13740.00 140.00 17320.00 160.00 18320.00 180.00 21900.00 200.00 22900.00 220.00 26480.00 240.00 27480.00 260.00 31060.00 280.00 32060.00 300.00 35640.00 320.00 36640.00 340.00 40220.00 360.00 41220.00 380.00 44800.00 400.00 45800.00 420.00 49380.00 440.00 50380.00 460.00 53960.00 480.00 54960.00 500.00 58540.00 520.00 59540.00 540.00 63120.00 560.00 64120.00 580.00 67700.00 600.00 68700.00 620.00 72280.00 640.00 73280.00 660.00 76860.00 680.00 77860.00 700.00 81440.00 720.00 82440.00 740.00 86020.00 760.00 87020.00 780.00 90600.00 800.00 91600.00 )
  L14 ( Frankfurt Koeln ) 0.00 0.00 0.00 0.00 ( 20.00 3150.00 40.00 4150.00 60.00 7300.00 80.00 8300.00 100.00 11450.00 120.00 12450.00 140.00 15600.00 160.00 16600.00 180.00 19750.00 200.00 20750.00 220.00 23900.00 240.00 24900.00 260.00 28050.00 280.00 29050.00 300.00 32200.00 320.00 33200.00 340.00 36350.00 360.00 37350.00 380.00 40500.00 400.00 41500.00 420.00 44650.00 440.00 45650.00 460.00 48800.00 480.00 49800.00 500.00 52950.00 520.00 53950.00 540.00 57100.00 560.00 58100.00 580.00 61250.00 600.00 62250.00 620.00 65400.00 640.00 66400.00 660.00 69550.00 680.00 70550.00 700.00 73700.00 720.00 74700.00 740.00 77850.00 760.00 78850.00 780.00 82000.00 800.00 83000.00 )
  L15 ( Frankfurt Leipzig ) 0.00 0.00 0.00 0.00 ( 20.00 4010.00 40.00 5010.00 60.00 9020.00 80.00 10020.00 100.00 14030.00 120.00 15030.00 140.00 19040.00 160.00 20040.00 180.00 24050.00 200.00 25050.00 220.00 29060.00 240.00 30060.00 260.00 34070.00 280.00 35070.00 300.00 39080.00 320.00 40080.00 340.00 44090.00 360.00 45090.00 380.00 49100.00 400.00 50100.00 420.00 54110.00 440.00 55110.00 460.00 59120.00 480.00 60120.00 500.00 64130.00 520.00 65130.00 540.00 69140.00 560.00 70140.00 580.00 74150.00 600.00 75150.00 620.00 79160.00 640.00 80160.00 660.00 84170.00 680.00 85170.00 700.00 89180.00 720.00 90180.00 740.00 94190.00 760.00 95190.00 780.00 99200.00 800.00 100200.00 )
  L16 ( Frankfurt Mannheim ) 0.00 0.00 0.00 0.00 ( 20.00 2720.00 40.00 3720.00 60.00 6440.00 80.00 7440.00 100.00 10160.00 120.00 11160.00 140.00 13880.00 160.00 14880.00 180.00 17600.00 200.00 18600.00 220.00 21320.00 240.00 22320.00 260.00 25040.00 280.00 26040.00 300.00 28760.00 320.00 29760.00 340.00 32480.00 360.00 33480.00 380.00 36200.00 400.00 37200.00 420.00 39920.00 440.00 40920.00 460.00 43640.00 480.00 44640.00 500.00 47360.00 520.00 48360.00 540.00 51080.00 560.00 52080.00 580.00 54800.00 600.00 55800.00 620.00 58520.00 640.00 59520.00 660.00 62240.00 680.00 63240.00 700.00 65960.00 720.00 66960.00 740.00 69680.00 760.00 70680.00 780.00 73400.00 800.00 74400.00 )
  L17 ( Frankfurt Nuernberg ) 0.00 0.00 0.00 0.00 ( 20.00 3150.00 40.00 4150.00 60.00 7300.00 80.00 8300.00 100.00 11450.00 120.00 12450.00 140.00 15600.00 160.00 16600.00 180.00 19750.00 200.00 20750.00 220.00 23900.00 240.00 24900.00 260.00 28050.00 280.00 29050.00 300.00 32200.00 320.00 33200.00 340.00 36350.00 360.00 37350.00 380.00 40500.00 400.00 41500.00 420.00 44650.00 440.00 45650.00 460.00 48800.00 480.00 49800.00 500.00 52950.00 520.00 53950.00 540.00 57100.00 560.00 58100.00 580.00 61250.00 600.00 62250.00 620.00 65400.00 640.00 66400.00 660.00 69550.00 680.00 70550.00 700.00 73700.00 720.00 74700.00 740.00 77850.00 760.00 78850.00 780.00 82000.00 800.00 83000.00 )
  L18 ( Hamburg Hannover ) 0.00 0.00 0.00 0.00 ( 20.00 2720.00 40.00 3720.00 60.00 6440.00 80.00 7440.00 100.00 10160.00 120.00 11160.00 140.00 13880.00 160.00 14880.00 180.00 17600.00 200.00 18600.00 220.00 21320.00 240.00 22320.00 260.00 25040.00 280.00 26040.00 300.00 28760.00 320.00 29760.00 340.00 32480.00 360.00 33480.00 380.00 36200.00 400.00 37200.00 420.00 39920.00 440.00 40920.00 460.00 43640.00 480.00 44640.00 500.00 47360.00 520.00 48360.00 540.00 51080.00 560.00 52080.00 580.00 54800.00 600.00 55800.00 620.00 58520.00 640.00 59520.00 660.00 62240.00 680.00 63240.00 700.00 65960.00 720.00 66960.00 740.00 69680.00 760.00 70680.00 780.00 73400.00 800.00 74400.00 )
  L19 ( Hannover Leipzig ) 0.00 0.00 0.00 0.00 ( 20.00 3580.00 40.00 4580.00 60.00 8160.00 80.00 9160.00 100.00 12740.00 120.00 13740.00 140.00 17320.00 160.00 18320.00 180.00 21900.00 200.00 22900.00 220.00 26480.00 240.00 27480.00 260.00 31060.00 280.00 32060.00 300.00 35640.00 320.00 36640.00 340.00 40220.00 360.00 41220.00 380.00 44800.00 400.00 45800.00 420.00 49380.00 440.00 50380.00 460.00 53960.00 480.00 54960.00 500.00 58540.00 520.00 59540.00 540.00 63120.00 560.00 64120.00 580.00 67700.00 600.00 68700.00 620.00 72280.00 640.00 73280.00 660.00 76860.00 680.00 77860.00 700.00 81440.00 720.00 82440.00 740.00 86020.00 760.00 87020.00 780.00 90600.00 800.00 91600.00 )
  L20 ( Karlsruhe Mannheim ) 0.00 0.00 0.00 0.00 ( 20.00 2290.00 40.00 3290.00 60.00 5580.00 80.00 6580.00 100.00 8870.00 120.00 9870.00 140.00 12160.00 160.00 13160.00 180.00 15450.00 200.00 16450.00 220.00 18740.00 240.00 19740.00 260.00 22030.00 280.00 23030.00 300.00 25320.00 320.00 26320.00 340.00 28610.00 360.00 29610.00 380.00 31900.00 400.00 32900.00 420.00 35190.00 440.00 36190.00 460.00 38480.00 480.00 39480.00 500.00 41770.00 520.00 42770.00 540.00 45060.00 560.00 46060.00 580.00 48350.00 600.00 49350.00 620.00 51640.00 640.00 52640.00 660.00 54930.00 680.00 55930.00 700.00 58220.00 720.00 59220.00 740.00 61510.00 760.00 62510.00 780.00 64800.00 800.00 65800.00 )
  L21 ( Karlsruhe Stuttgart ) 0.00 0.00 0.00 0.00 ( 20.00 2290.00 40.00 3290.00 60.00 5580.00 80.00 6580.00 100.00 8870.00 120.00 9870.00 140.00 12160.00 160.00 13160.00 180.00 15450.00 200.00 16450.00 220.00 18740.00 240.00 19740.00 260.00 22030.00 280.00 23030.00 300.00 25320.00 320.00 26320.00 340.00 28610.00 360.00 29610.00 380.00 31900.00 400.00 32900.00 420.00 35190.00 440.00 36190.00 460.00 38480.00 480.00 39480.00 500.00 41770.00 520.00 42770.00 540.00 45060.00 560.00 46060.00 580.00 48350.00 600.00 49350.00 620.00 51640.00 640.00 52640.00 660.00 54930.00 680.00 55930.00 700.00 58220.00 720.00 59220.00 740.00 61510.00 760.00 62510.00 780.00 64800.00 800.00 65800.00 )
  L22 ( Leipzig Nuernberg ) 0.00 0.00 0.00 0.00 ( 20.00 3580.00 40.00 4580.00 60.00 8160.00 80.00 9160.00 100.00 12740.00 120.00 13740.00 140.00 17320.00 160.00 18320.00 180.00 21900.00 200.00 22900.00 220.00 26480.00 240.00 27480.00 260.00 31060.00 280.00 32060.00 300.00 35640.00 320.00 36640.00 340.00 40220.00 360.00 41220.00 380.00 44800.00 400.00 45800.00 420.00 49380.00 440.00 50380.00 460.00 53960.00 480.00 54960.00 500.00 58540.00 520.00 59540.00 540.00 63120.00 560.00 64120.00 580.00 67700.00 600.00 68700.00 620.00 72280.00 640.00 73280.00 660.00 76860.00 680.00 77860.00 700.00 81440.00 720.00 82440.00 740.00 86020.00 760.00 87020.00 780.00 90600.00 800.00 91600.00 )
  L23 ( Muenchen Nuernberg ) 0.00 0.00 0.00 0.00 ( 20.00 3150.00 40.00 4150.00 60.00 7300.00 80.00 8300.00 100.00 11450.00 120.00 12450.00 140.00 15600.00 160.00 16600.00 180.00 19750.00 200.00 20750.00 220.00 23900.00 240.00 24900.00 260.00 28050.00 280.00 29050.00 300.00 32200.00 320.00 33200.00 340.00 36350.00 360.00 37350.00 380.00 40500.00 400.00 41500.00 420.00 44650.00 440.00 45650.00 460.00 48800.00 480.00 49800.00 500.00 52950.00 520.00 53950.00 540.00 57100.00 560.00 58100.00 580.00 61250.00 600.00 62250.00 620.00 65400.00 640.00 66400.00 660.00 69550.00 680.00 70550.00 700.00 73700.00 720.00 74700.00 740.00 77850.00 760.00 78850.00 780.00 82000.00 800.00 83000.00 )
  L24 ( Muenchen Ulm ) 0.00 0.00 0.00 0.00 ( 20.00 2720.00 40.00 3720.00 60.00 6440.00 80.00 7440.00 100.00 10160.00 120.00 11160.00 140.00 13880.00 160.00 14880.00 180.00 17600.00 200.00 18600.00 220.00 21320.00 240.00 22320.00 260.00 25040.00 280.00 26040.00 300.00 28760.00 320.00 29760.00 340.00 32480.00 360.00 33480.00 380.00 36200.00 400.00 37200.00 420.00 39920.00 440.00 40920.00 460.00 43640.00 480.00 44640.00 500.00 47360.00 520.00 48360.00 540.00 51080.00 560.00 52080.00 580.00 54800.00 600.00 55800.00 620.00 58520.00 640.00 59520.00 660.00 62240.00 680.00 63240.00 700.00 65960.00 720.00 66960.00 740.00 69680.00 760.00 70680.00 780.00 73400.00 800.00 74400.00 )
  L25 ( Nuernberg Stuttgart ) 0.00 0.00 0.00 0.00 ( 20.00 3150.00 40.00 4150.00 60.00 7300.00 80.00 8300.00 100.00 11450.00 120.00 12450.00 140.00 15600.00 160.00 16600.00 180.00 19750.00 200.00 20750.00 220.00 23900.00 240.00 24900.00 260.00 28050.00 280.00 29050.00 300.00 32200.00 320.00 33200.00 340.00 36350.00 360.00 37350.00 380.00 40500.00 400.00 41500.00 420.00 44650.00 440.00 45650.00 460.00 48800.00 480.00 49800.00 500.00 52950.00 520.00 53950.00 540.00 57100.00 560.00 58100.00 580.00 61250.00 600.00 62250.00 620.00 65400.00 640.00 66400.00 660.00 69550.00 680.00 70550.00 700.00 73700.00 720.00 74700.00 740.00 77850.00 760.00 78850.00 780.00 82000.00 800.00 83000.00 )
  L26 ( Stuttgart Ulm ) 0.00 0.00 0.00 0.00 ( 20.00 2720.00 40.00 3720.00 60.00 6440.00 80.00 7440.00 100.00 10160.00 120.00 11160.00 140.00 13880.00 160.00 14880.00 180.00 17600.00 200.00 18600.00 220.00 21320.00 240.00 22320.00 260.00 25040.00 280.00 26040.00 300.00 28760.00 320.00 29760.00 340.00 32480.00 360.00 33480.00 380.00 36200.00 400.00 37200.00 420.00 39920.00 440.00 40920.00 460.00 43640.00 480.00 44640.00 500.00 47360.00 520.00 48360.00 540.00 51080.00 560.00 52080.00 580.00 54800.00 600.00 55800.00 620.00 58520.00 640.00 59520.00 660.00 62240.00 680.00 63240.00 700.00 65960.00 720.00 66960.00 740.00 69680.00 760.00 70680.00 780.00 73400.00 800.00 74400.00 )
)

# DEMAND SECTION
#
# <demand_id> ( <source> <target> ) <routing_unit> <demand_value> <max_path_length>

DEMANDS (
  BerlinBremen ( Berlin Bremen ) 1 4.00 UNLIMITED
  BerlinDortmund ( Berlin Dortmund ) 1 4.00 UNLIMITED
  BerlinDuesseldorf ( Berlin Duesseldorf ) 1 4.00 UNLIMITED
  BerlinEssen ( Berlin Essen ) 1 4.00 UNLIMITED
  BerlinFrankfurt ( Berlin Frankfurt ) 1 12.00 UNLIMITED
  BerlinHamburg ( Berlin Hamburg ) 1 8.00 UNLIMITED
  BerlinHannover ( Berlin Hannover ) 1 8.00 UNLIMITED
  BerlinKarlsruhe ( Berlin Karlsruhe ) 1 2.00 UNLIMITED
  BerlinKoeln ( Berlin Koeln ) 1 4.00 UNLIMITED
  BerlinLeipzig ( Berlin Leipzig ) 1 14.00 UNLIMITED
  BerlinMannheim ( Berlin Mannheim ) 1 2.00 UNLIMITED
  BerlinMuenchen ( Berlin Muenchen ) 1 4.00 UNLIMITED
  BerlinNuernberg ( Berlin Nuernberg ) 1 4.00 UNLIMITED
  BerlinStuttgart ( Berlin Stuttgart ) 1 6.00 UNLIMITED
  BerlinUlm ( Berlin Ulm ) 1 4.00 UNLIMITED
  BremenDortmund ( Bremen Dortmund ) 1 2.00 UNLIMITED
  BremenDuesseldorf ( Bremen Duesseldorf ) 1 2.00 UNLIMITED
  BremenEssen ( Bremen Essen ) 1 2.00 UNLIMITED
  BremenFrankfurt ( Bremen Frankfurt ) 1 6.00 UNLIMITED
  BremenHamburg ( Bremen Hamburg ) 1 6.00 UNLIMITED
  BremenHannover ( Bremen Hannover ) 1 6.00 UNLIMITED
  BremenKarlsruhe ( Bremen Karlsruhe ) 1 2.00 UNLIMITED
  BremenKoeln ( Bremen Koeln ) 1 2.00 UNLIMITED
  BremenLeipzig ( Bremen Leipzig ) 1 4.00 UNLIMITED
  BremenMannheim ( Bremen Mannheim ) 1 2.00 UNLIMITED
  BremenMuenchen ( Bremen Muenchen ) 1 2.00 UNLIMITED
  BremenNuernberg ( Bremen Nuernberg ) 1 2.00 UNLIMITED
  BremenStuttgart ( Bremen Stuttgart ) 1 2.00 UNLIMITED
  BremenUlm ( Bremen Ulm ) 1 2.00 UNLIMITED
  DortmundDuesseldorf ( Dortmund Duesseldorf ) 1 8.00 UNLIMITED
  DortmundEssen ( Dortmund Essen ) 1 8.00 UNLIMITED
  DortmundFrankfurt ( Dortmund Frankfurt ) 1 10.00 UNLIMITED
  DortmundHamburg ( Dortmund Hamburg ) 1 4.00 UNLIMITED
  DortmundHannover ( Dortmund Hannover ) 1 6.00 UNLIMITED
  DortmundKarlsruhe ( Dortmund Karlsruhe ) 1 2.00 UNLIMITED
  DortmundKoeln ( Dortmund Koeln ) 1 6.00 UNLIMITED
  DortmundLeipzig ( Dortmund Leipzig ) 1 6.00 UNLIMITED
  DortmundMannheim ( Dortmund Mannheim ) 1 2.00 UNLIMITED
  DortmundMuenchen ( Dortmund Muenchen ) 1 4.00 UNLIMITED
  DortmundNuernberg ( Dortmund Nuernberg ) 1 2.00 UNLIMITED
  DortmundStuttgart ( Dortmund Stuttgart ) 1 4.00 UNLIMITED
  DortmundUlm ( Dortmund Ulm ) 1 2.00 UNLIMITED
  DuesseldorfEssen ( Duesseldorf Essen ) 1 10.00 UNLIMITED
  DuesseldorfFrankfurt ( Duesseldorf Frankfurt ) 1 12.00 UNLIMITED
  DuesseldorfHamburg ( Duesseldorf Hamburg ) 1 4.00 UNLIMITED
  DuesseldorfHannover ( Duesseldorf Hannover ) 1 6.00 UNLIMITED
  DuesseldorfKarlsruhe ( Duesseldorf Karlsruhe ) 1 2.00 UNLIMITED
  DuesseldorfKoeln ( Duesseldorf Koeln ) 1 12.00 UNLIMITED
  DuesseldorfLeipzig ( Duesseldorf Leipzig ) 1 6.00 UNLIMITED
  DuesseldorfMannheim ( Duesseldorf Mannheim ) 1 2.00 UNLIMITED
  DuesseldorfMuenchen ( Duesseldorf Muenchen ) 1 4.00 UNLIMITED
  DuesseldorfNuernberg ( Duesseldorf Nuernberg ) 1 4.00 UNLIMITED
  DuesseldorfStuttgart ( Duesseldorf Stuttgart ) 1 4.00 UNLIMITED
  DuesseldorfUlm ( Duesseldorf Ulm ) 1 2.00 UNLIMITED
  EssenFrankfurt ( Essen Frankfurt ) 1 8.00 UNLIMITED
  EssenHamburg ( Essen Hamburg ) 1 4.00 UNLIMITED
  EssenHannover ( Essen Hannover ) 1 4.00 UNLIMITED
  EssenKarlsruhe ( Essen Karlsruhe ) 1 2.00 UNLIMITED
  EssenKoeln ( Essen Koeln ) 1 6.00 UNLIMITED
  EssenLeipzig ( Essen Leipzig ) 1 4.00 UNLIMITED
  EssenMannheim ( Essen Mannheim ) 1 2.00 UNLIMITED
  EssenMuenchen ( Essen Muenchen ) 1 2.00 UNLIMITED
  EssenNuernberg ( Essen Nuernberg ) 1 2.00 UNLIMITED
  EssenStuttgart ( Essen Stuttgart ) 1 4.00 UNLIMITED
  EssenUlm ( Essen Ulm ) 1 2.00 UNLIMITED
  FrankfurtHamburg ( Frankfurt Hamburg ) 1 12.00 UNLIMITED
  FrankfurtHannover ( Frankfurt Hannover ) 1 14.00 UNLIMITED
  FrankfurtKarlsruhe ( Frankfurt Karlsruhe ) 1 4.00 UNLIMITED
  FrankfurtKoeln ( Frankfurt Koeln ) 1 12.00 UNLIMITED
  FrankfurtLeipzig ( Frankfurt Leipzig ) 1 18.00 UNLIMITED
  FrankfurtMannheim ( Frankfurt Mannheim ) 1 10.00 UNLIMITED
  FrankfurtMuenchen ( Frankfurt Muenchen ) 1 10.00 UNLIMITED
  FrankfurtNorden ( Frankfurt Norden ) 1 50.00 UNLIMITED
  FrankfurtNuernberg ( Frankfurt Nuernberg ) 1 10.00 UNLIMITED
  FrankfurtStuttgart ( Frankfurt Stuttgart ) 1 14.00 UNLIMITED
  FrankfurtUlm ( Frankfurt Ulm ) 1 8.00 UNLIMITED
  HamburgHannover ( Hamburg Hannover ) 1 10.00 UNLIMITED
  HamburgKarlsruhe ( Hamburg Karlsruhe ) 1 2.00 UNLIMITED
  HamburgKoeln ( Hamburg Koeln ) 1 4.00 UNLIMITED
  HamburgLeipzig ( Hamburg Leipzig ) 1 8.00 UNLIMITED
  HamburgMannheim ( Hamburg Mannheim ) 1 2.00 UNLIMITED
  HamburgMuenchen ( Hamburg Muenchen ) 1 4.00 UNLIMITED
  HamburgNuernberg ( Hamburg Nuernberg ) 1 4.00 UNLIMITED
  HamburgStuttgart ( Hamburg Stuttgart ) 1 4.00 UNLIMITED
  HamburgUlm ( Hamburg Ulm ) 1 4.00 UNLIMITED
  HannoverKarlsruhe ( Hannover Karlsruhe ) 1 2.00 UNLIMITED
  HannoverKoeln ( Hannover Koeln ) 1 6.00 UNLIMITED
  HannoverLeipzig ( Hannover Leipzig ) 1 10.00 UNLIMITED
  HannoverMannheim ( Hannover Mannheim ) 1 4.00 UNLIMITED
  HannoverMuenchen ( Hannover Muenchen ) 1 4.00 UNLIMITED
  HannoverNuernberg ( Hannover Nuernberg ) 1 4.00 UNLIMITED
  HannoverStuttgart ( Hannover Stuttgart ) 1 6.00 UNLIMITED
  HannoverUlm ( Hannover Ulm ) 1 4.00 UNLIMITED
  KarlsruheKoeln ( Karlsruhe Koeln ) 1 2.00 UNLIMITED
  KarlsruheLeipzig ( Karlsruhe Leipzig ) 1 2.00 UNLIMITED
  KarlsruheMannheim ( Karlsruhe Mannheim ) 1 2.00 UNLIMITED
  KarlsruheMuenchen ( Karlsruhe Muenchen ) 1 2.00 UNLIMITED
  KarlsruheNuernberg ( Karlsruhe Nuernberg ) 1 2.00 UNLIMITED
  KarlsruheStuttgart ( Karlsruhe Stuttgart ) 1 4.00 UNLIMITED
  KarlsruheUlm ( Karlsruhe Ulm ) 1 2.00 UNLIMITED
  KoelnLeipzig ( Koeln Leipzig ) 1 6.00 UNLIMITED
  KoelnMannheim ( Koeln Mannheim ) 1 2.00 UNLIMITED
  KoelnMuenchen ( Koeln Muenchen ) 1 4.00 UNLIMITED
  KoelnNuernberg ( Koeln Nuernberg ) 1 4.00 UNLIMITED
  KoelnStuttgart ( Koeln Stuttgart ) 1 4.00 UNLIMITED
  KoelnUlm ( Koeln Ulm ) 1 4.00 UNLIMITED
  LeipzigMannheim ( Leipzig Mannheim ) 1 4.00 UNLIMITED
  LeipzigMuenchen ( Leipzig Muenchen ) 1 8.00 UNLIMITED
  LeipzigNuernberg ( Leipzig Nuernberg ) 1 6.00 UNLIMITED
  LeipzigStuttgart ( Leipzig Stuttgart ) 1 8.00 UNLIMITED
  LeipzigUlm ( Leipzig Ulm ) 1 6.00 UNLIMITED
  MannheimMuenchen ( Mannheim Muenchen ) 1 2.00 UNLIMITED
  MannheimNuernberg ( Mannheim Nuernberg ) 1 2.00 UNLIMITED
  MannheimStuttgart ( Mannheim Stuttgart ) 1 4.00 UNLIMITED
  MannheimUlm ( Mannheim Ulm ) 1 2.00 UNLIMITED
  MuenchenNuernberg ( Muenchen Nuernberg ) 1 6.00 UNLIMITED
  MuenchenStuttgart ( Muenchen Stuttgart ) 1 6.00 UNLIMITED
  MuenchenUlm ( Muenchen Ulm ) 1 6.00 UNLIMITED
  NuernbergStuttgart ( Nuernberg Stuttgart ) 1 6.00 UNLIMITED
  NuernbergUlm ( Nuernberg Ulm ) 1 4.00 UNLIMITED
  StuttgartUlm ( Stuttgart Ulm ) 1 8.00 UNLIMITED
)

# ADMISSIBLE PATHS SECTION
#
# <demand_id> ( {<path_id> ( <link_id>+ )}+ )

ADMISSIBLE_PATHS ( 
)