?SNDlib native format; type: network; version: 1.0
# network nobel-eu

# NODE SECTION
#
# <node_id> [(<longitude>, <latitude>)]

NODES (
  Amsterdam ( 4.51 52.20 )
  Athens ( 23.42 37.58 )
  Barcelona ( 2.07 41.22 )
  Belgrade ( 20.25 44.47 )
  Berlin ( 13.21 52.31 )
  Bordeaux ( -0.35 44.51 )
  Brussels ( 4.20 50.49 )
  Budapest ( 19.02 47.29 )
  Copenhagen ( 12.32 55.41 )
  Dublin ( -6.15 53.21 )
  Frankfurt ( 8.38 50.07 )
  Glasgow ( -4.16 55.51 )
  Hamburg ( 10.00 53.33 )
  London ( -0.07 51.30 )
  Lyon ( 4.49 45.43 )
  Madrid ( -3.42 40.25 )
  Milan ( 9.11 45.28 )
  Munich ( 11.33 48.07 )
  Oslo ( 10.45 59.54 )
  Paris ( 2.20 48.51 )
  Prague ( 14.25 50.04 )
  Rome ( 12.29 41.53 )
  Stockholm ( 18.03 59.19 )
  Strasbourg ( 7.45 48.35 )
  Vienna ( 16.21 48.12 )
  Warsaw ( 20.59 52.14 )
  Zagreb ( 15.57 45.48 )
  Zurich ( 8.32 47.22 )
)

# LINK SECTION
#
# <link_id> ( <source> <target> ) <pre_installed_capacity> <pre_installed_capacity_cost> <routing_cost> <setup_cost> ( {<module_capacity> <module_cost>}* )

LINKS (
  L1 ( Amsterdam Brussels ) 0.00 0.00 0.00 0.00 ( 20.00 3580.00 40.00 4580.00 60.00 8160.00 80.00 9160.00 100.00 12740.00 120.00 13740.00 140.00 17320.00 160.00 18320.00 180.00 21900.00 200.00 22900.00 220.00 26480.00 240.00 27480.00 260.00 31060.00 280.00 32060.00 300.00 35640.00 320.00 36640.00 340.00 40220.00 360.00 41220.00 380.00 44800.00 400.00 45800.00 420.00 49380.00 440.00 50380.00 460.00 53960.00 480.00 54960.00 500.00 58540.00 520.00 59540.00 540.00 63120.00 560.00 64120.00 580.00 67700.00 600.00 68700.00 620.00 72280.00 640.00 73280.00 660.00 76860.00 680.00 77860.00 700.00 81440.00 720.00 82440.00 740.00 86020.00 760.00 87020.00 780.00 90600.00 800.00 91600.00 )
  L2 ( Amsterdam Glasgow ) 0.00 0.00 0.00 0.00 ( 20.00 7880.00 40.00 8880.00 60.00 16760.00 80.00 17760.00 100.00 25640.00 120.00 26640.00 140.00 34520.00 160.00 35520.00 180.00 43400.00 200.00 44400.00 220.00 52280.00 240.00 53280.00 260.00 61160.00 280.00 62160.00 300.00 70040.00 320.00 71040.00 340.00 78920.00 360.00 79920.00 380.00 87800.00 400.00 88800.00 420.00 96680.00 440.00 97680.00 460.00 105560.00 480.00 106560.00 500.00 114440.00 520.00 115440.00 540.00 123320.00 560.00 124320.00 580.00 132200.00 600.00 133200.00 620.00 141080.00 640.00 142080.00 660.00 149960.00 680.00 150960.00 700.00 158840.00 720.00 159840.00 740.00 167720.00 760.00 168720.00 780.00 176600.00 800.00 177600.00 )
  L3 ( Amsterdam Hamburg ) 0.00 0.00 0.00 0.00 ( 20.00 4870.00 40.00 5870.00 60.00 10740.00 80.00 11740.00 100.00 16610.00 120.00 17610.00 140.00 22480.00 160.00 23480.00 180.00 28350.00 200.00 29350.00 220.00 34220.00 240.00 35220.00 260.00 40090.00 280.00 41090.00 300.00 45960.00 320.00 46960.00 340.00 51830.00 360.00 52830.00 380.00 57700.00 400.00 58700.00 420.00 63570.00 440.00 64570.00 460.00 69440.00 480.00 70440.00 500.00 75310.00 520.00 76310.00 540.00 81180.00 560.00 82180.00 580.00 87050.00 600.00 88050.00 620.00 92920.00 640.00 93920.00 660.00 98790.00 680.00 99790.00 700.00 104660.00 720.00 105660.00 740.00 110530.00 760.00 111530.00 780.00 116400.00 800.00 117400.00 )
  L4 ( Amsterdam London ) 0.00 0.00 0.00 0.00 ( 20.00 4870.00 40.00 5870.00 60.00 10740.00 80.00 11740.00 100.00 16610.00 120.00 17610.00 140.00 22480.00 160.00 23480.00 180.00 28350.00 200.00 29350.00 220.00 34220.00 240.00 35220.00 260.00 40090.00 280.00 41090.00 300.00 45960.00 320.00 46960.00 340.00 51830.00 360.00 52830.00 380.00 57700.00 400.00 58700.00 420.00 63570.00 440.00 64570.00 460.00 69440.00 480.00 70440.00 500.00 75310.00 520.00 76310.00 540.00 81180.00 560.00 82180.00 580.00 87050.00 600.00 88050.00 620.00 92920.00 640.00 93920.00 660.00 98790.00 680.00 99790.00 700.00 104660.00 720.00 105660.00 740.00 110530.00 760.00 111530.00 780.00 116400.00 800.00 117400.00 )
  L5 ( Athens Belgrade ) 0.00 0.00 0.00 0.00 ( 20.00 8740.00 40.00 9740.00 60.00 18480.00 80.00 19480.00 100.00 28220.00 120.00 29220.00 140.00 37960.00 160.00 38960.00 180.00 47700.00 200.00 48700.00 220.00 57440.00 240.00 58440.00 260.00 67180.00 280.00 68180.00 300.00 76920.00 320.00 77920.00 340.00 86660.00 360.00 87660.00 380.00 96400.00 400.00 97400.00 420.00 106140.00 440.00 107140.00 460.00 115880.00 480.00 116880.00 500.00 125620.00 520.00 126620.00 540.00 135360.00 560.00 136360.00 580.00 145100.00 600.00 146100.00 620.00 154840.00 640.00 155840.00 660.00 164580.00 680.00 165580.00 700.00 174320.00 720.00 175320.00 740.00 184060.00 760.00 185060.00 780.00 193800.00 800.00 194800.00 )
  L6 ( Athens Rome ) 0.00 0.00 0.00 0.00 ( 20.00 10030.00 40.00 11030.00 60.00 21060.00 80.00 22060.00 100.00 32090.00 120.00 33090.00 140.00 43120.00 160.00 44120.00 180.00 54150.00 200.00 55150.00 220.00 65180.00 240.00 66180.00 260.00 76210.00 280.00 77210.00 300.00 87240.00 320.00 88240.00 340.00 98270.00 360.00 99270.00 380.00 109300.00 400.00 110300.00 420.00 120330.00 440.00 121330.00 460.00 131360.00 480.00 132360.00 500.00 142390.00 520.00 143390.00 540.00 153420.00 560.00 154420.00 580.00 164450.00 600.00 165450.00 620.00 175480.00 640.00 176480.00 660.00 186510.00 680.00 187510.00 700.00 197540.00 720.00 198540.00 740.00 208570.00 760.00 209570.00 780.00 219600.00 800.00 220600.00 )
  L7 ( Barcelona Lyon ) 0.00 0.00 0.00 0.00 ( 20.00 6160.00 40.00 7160.00 60.00 13320.00 80.00 14320.00 100.00 20480.00 120.00 21480.00 140.00 27640.00 160.00 28640.00 180.00 34800.00 200.00 35800.00 220.00 41960.00 240.00 42960.00 260.00 49120.00 280.00 50120.00 300.00 56280.00 320.00 57280.00 340.00 63440.00 360.00 64440.00 380.00 70600.00 400.00 71600.00 420.00 77760.00 440.00 78760.00 460.00 84920.00 480.00 85920.00 500.00 92080.00 520.00 93080.00 540.00 99240.00 560.00 100240.00 580.00 106400.00 600.00 107400.00 620.00 113560.00 640.00 114560.00 660.00 120720.00 680.00 121720.00 700.00 127880.00 720.00 128880.00 740.00 135040.00 760.00 136040.00 780.00 142200.00 800.00 143200.00 )
  L8 ( Barcelona Madrid ) 0.00 0.00 0.00 0.00 ( 20.00 6160.00 40.00 7160.00 60.00 13320.00 80.00 14320.00 100.00 20480.00 120.00 21480.00 140.00 27640.00 160.00 28640.00 180.00 34800.00 200.00 35800.00 220.00 41960.00 240.00 42960.00 260.00 49120.00 280.00 50120.00 300.00 56280.00 320.00 57280.00 340.00 63440.00 360.00 64440.00 380.00 70600.00 400.00 71600.00 420.00 77760.00 440.00 78760.00 460.00 84920.00 480.00 85920.00 500.00 92080.00 520.00 93080.00 540.00 99240.00 560.00 100240.00 580.00 106400.00 600.00 107400.00 620.00 113560.00 640.00 114560.00 660.00 120720.00 680.00 121720.00 700.00 127880.00 720.00 128880.00 740.00 135040.00 760.00 136040.00 780.00 142200.00 800.00 143200.00 )
  L9 ( Belgrade Budapest ) 0.00 0.00 0.00 0.00 ( 20.00 4440.00 40.00 5440.00 60.00 9880.00 80.00 10880.00 100.00 15320.00 120.00 16320.00 140.00 20760.00 160.00 21760.00 180.00 26200.00 200.00 27200.00 220.00 31640.00 240.00 32640.00 260.00 37080.00 280.00 38080.00 300.00 42520.00 320.00 43520.00 340.00 47960.00 360.00 48960.00 380.00 53400.00 400.00 54400.00 420.00 58840.00 440.00 59840.00 460.00 64280.00 480.00 65280.00 500.00 69720.00 520.00 70720.00 540.00 75160.00 560.00 76160.00 580.00 80600.00 600.00 81600.00 620.00 86040.00 640.00 87040.00 660.00 91480.00 680.00 92480.00 700.00 96920.00 720.00 97920.00 740.00 102360.00 760.00 103360.00 780.00 107800.00 800.00 108800.00 )
  L10 ( Belgrade Zagreb ) 0.00 0.00 0.00 0.00 ( 20.00 4870.00 40.00 5870.00 60.00 10740.00 80.00 11740.00 100.00 16610.00 120.00 17610.00 140.00 22480.00 160.00 23480.00 180.00 28350.00 200.00 29350.00 220.00 34220.00 240.00 35220.00 260.00 40090.00 280.00 41090.00 300.00 45960.00 320.00 46960.00 340.00 51830.00 360.00 52830.00 380.00 57700.00 400.00 58700.00 420.00 63570.00 440.00 64570.00 460.00 69440.00 480.00 70440.00 500.00 75310.00 520.00 76310.00 540.00 81180.00 560.00 82180.00 580.00 87050.00 600.00 88050.00 620.00 92920.00 640.00 93920.00 660.00 98790.00 680.00 99790.00 700.00 104660.00 720.00 105660.00 740.00 110530.00 760.00 111530.00 780.00 116400.00 800.00 117400.00 )
  L11 ( Berlin Copenhagen ) 0.00 0.00 0.00 0.00 ( 20.00 4870.00 40.00 5870.00 60.00 10740.00 80.00 11740.00 100.00 16610.00 120.00 17610.00 140.00 22480.00 160.00 23480.00 180.00 28350.00 200.00 29350.00 220.00 34220.00 240.00 35220.00 260.00 40090.00 280.00 41090.00 300.00 45960.00 320.00 46960.00 340.00 51830.00 360.00 52830.00 380.00 57700.00 400.00 58700.00 420.00 63570.00 440.00 64570.00 460.00 69440.00 480.00 70440.00 500.00 75310.00 520.00 76310.00 540.00 81180.00 560.00 82180.00 580.00 87050.00 600.00 88050.00 620.00 92920.00 640.00 93920.00 660.00 98790.00 680.00 99790.00 700.00 104660.00 720.00 105660.00 740.00 110530.00 760.00 111530.00 780.00 116400.00 800.00 117400.00 )
  L12 ( Berlin Hamburg ) 0.00 0.00 0.00 0.00 ( 20.00 4010.00 40.00 5010.00 60.00 9020.00 80.00 10020.00 100.00 14030.00 120.00 15030.00 140.00 19040.00 160.00 20040.00 180.00 24050.00 200.00 25050.00 220.00 29060.00 240.00 30060.00 260.00 34070.00 280.00 35070.00 300.00 39080.00 320.00 40080.00 340.00 44090.00 360.00 45090.00 380.00 49100.00 400.00 50100.00 420.00 54110.00 440.00 55110.00 460.00 59120.00 480.00 60120.00 500.00 64130.00 520.00 65130.00 540.00 69140.00 560.00 70140.00 580.00 74150.00 600.00 75150.00 620.00 79160.00 640.00 80160.00 660.00 84170.00 680.00 85170.00 700.00 89180.00 720.00 90180.00 740.00 94190.00 760.00 95190.00 780.00 99200.00 800.00 100200.00 )
  L13 ( Berlin Munich ) 0.00 0.00 0.00 0.00 ( 20.00 6160.00 40.00 7160.00 60.00 13320.00 80.00 14320.00 100.00 20480.00 120.00 21480.00 140.00 27640.00 160.00 28640.00 180.00 34800.00 200.00 35800.00 220.00 41960.00 240.00 42960.00 260.00 49120.00 280.00 50120.00 300.00 56280.00 320.00 57280.00 340.00 63440.00 360.00 64440.00 380.00 70600.00 400.00 71600.00 420.00 77760.00 440.00 78760.00 460.00 84920.00 480.00 85920.00 500.00 92080.00 520.00 93080.00 540.00 99240.00 560.00 100240.00 580.00 106400.00 600.00 107400.00 620.00 113560.00 640.00 114560.00 660.00 120720.00 680.00 121720.00 700.00 127880.00 720.00 128880.00 740.00 135040.00 760.00 136040.00 780.00 142200.00 800.00 143200.00 )
  L14 ( Berlin Prague ) 0.00 0.00 0.00 0.00 ( 20.00 4440.00 40.00 5440.00 60.00 9880.00 80.00 10880.00 100.00 15320.00 120.00 16320.00 140.00 20760.00 160.00 21760.00 180.00 26200.00 200.00 27200.00 220.00 31640.00 240.00 32640.00 260.00 37080.00 280.00 38080.00 300.00 42520.00 320.00 43520.00 340.00 47960.00 360.00 48960.00 380.00 53400.00 400.00 54400.00 420.00 58840.00 440.00 59840.00 460.00 64280.00 480.00 65280.00 500.00 69720.00 520.00 70720.00 540.00 75160.00 560.00 76160.00 580.00 80600.00 600.00 81600.00 620.00 86040.00 640.00 87040.00 660.00 91480.00 680.00 92480.00 700.00 96920.00 720.00 97920.00 740.00 102360.00 760.00 103360.00 780.00 107800.00 800.00 108800.00 )
  L15 ( Berlin Warsaw ) 0.00 0.00 0.00 0.00 ( 20.00 6160.00 40.00 7160.00 60.00 13320.00 80.00 14320.00 100.00 20480.00 120.00 21480.00 140.00 27640.00 160.00 28640.00 180.00 34800.00 200.00 35800.00 220.00 41960.00 240.00 42960.00 260.00 49120.00 280.00 50120.00 300.00 56280.00 320.00 57280.00 340.00 63440.00 360.00 64440.00 380.00 70600.00 400.00 71600.00 420.00 77760.00 440.00 78760.00 460.00 84920.00 480.00 85920.00 500.00 92080.00 520.00 93080.00 540.00 99240.00 560.00 100240.00 580.00 106400.00 600.00 107400.00 620.00 113560.00 640.00 114560.00 660.00 120720.00 680.00 121720.00 700.00 127880.00 720.00 128880.00 740.00 135040.00 760.00 136040.00 780.00 142200.00 800.00 143200.00 )
  L16 ( Bordeaux Madrid ) 0.00 0.00 0.00 0.00 ( 20.00 6590.00 40.00 7590.00 60.00 14180.00 80.00 15180.00 100.00 21770.00 120.00 22770.00 140.00 29360.00 160.00 30360.00 180.00 36950.00 200.00 37950.00 220.00 44540.00 240.00 45540.00 260.00 52130.00 280.00 53130.00 300.00 59720.00 320.00 60720.00 340.00 67310.00 360.00 68310.00 380.00 74900.00 400.00 75900.00 420.00 82490.00 440.00 83490.00 460.00 90080.00 480.00 91080.00 500.00 97670.00 520.00 98670.00 540.00 105260.00 560.00 106260.00 580.00 112850.00 600.00 113850.00 620.00 120440.00 640.00 121440.00 660.00 128030.00 680.00 129030.00 700.00 135620.00 720.00 136620.00 740.00 143210.00 760.00 144210.00 780.00 150800.00 800.00 151800.00 )
  L17 ( Bordeaux Paris ) 0.00 0.00 0.00 0.00 ( 20.00 6160.00 40.00 7160.00 60.00 13320.00 80.00 14320.00 100.00 20480.00 120.00 21480.00 140.00 27640.00 160.00 28640.00 180.00 34800.00 200.00 35800.00 220.00 41960.00 240.00 42960.00 260.00 49120.00 280.00 50120.00 300.00 56280.00 320.00 57280.00 340.00 63440.00 360.00 64440.00 380.00 70600.00 400.00 71600.00 420.00 77760.00 440.00 78760.00 460.00 84920.00 480.00 85920.00 500.00 92080.00 520.00 93080.00 540.00 99240.00 560.00 100240.00 580.00 106400.00 600.00 107400.00 620.00 113560.00 640.00 114560.00 660.00 120720.00 680.00 121720.00 700.00 127880.00 720.00 128880.00 740.00 135040.00 760.00 136040.00 780.00 142200.00 800.00 143200.00 )
  L18 ( Brussels Frankfurt ) 0.00 0.00 0.00 0.00 ( 20.00 4440.00 40.00 5440.00 60.00 9880.00 80.00 10880.00 100.00 15320.00 120.00 16320.00 140.00 20760.00 160.00 21760.00 180.00 26200.00 200.00 27200.00 220.00 31640.00 240.00 32640.00 260.00 37080.00 280.00 38080.00 300.00 42520.00 320.00 43520.00 340.00 47960.00 360.00 48960.00 380.00 53400.00 400.00 54400.00 420.00 58840.00 440.00 59840.00 460.00 64280.00 480.00 65280.00 500.00 69720.00 520.00 70720.00 540.00 75160.00 560.00 76160.00 580.00 80600.00 600.00 81600.00 620.00 86040.00 640.00 87040.00 660.00 91480.00 680.00 92480.00 700.00 96920.00 720.00 97920.00 740.00 102360.00 760.00 103360.00 780.00 107800.00 800.00 108800.00 )
  L19 ( Brussels Paris ) 0.00 0.00 0.00 0.00 ( 20.00 6160.00 40.00 7160.00 60.00 13320.00 80.00 14320.00 100.00 20480.00 120.00 21480.00 140.00 27640.00 160.00 28640.00 180.00 34800.00 200.00 35800.00 220.00 41960.00 240.00 42960.00 260.00 49120.00 280.00 50120.00 300.00 56280.00 320.00 57280.00 340.00 63440.00 360.00 64440.00 380.00 70600.00 400.00 71600.00 420.00 77760.00 440.00 78760.00 460.00 84920.00 480.00 85920.00 500.00 92080.00 520.00 93080.00 540.00 99240.00 560.00 100240.00 580.00 106400.00 600.00 107400.00 620.00 113560.00 640.00 114560.00 660.00 120720.00 680.00 121720.00 700.00 127880.00 720.00 128880.00 740.00 135040.00 760.00 136040.00 780.00 142200.00 800.00 143200.00 )
  L20 ( Budapest Prague ) 0.00 0.00 0.00 0.00 ( 20.00 5730.00 40.00 6730.00 60.00 12460.00 80.00 13460.00 100.00 19190.00 120.00 20190.00 140.00 25920.00 160.00 26920.00 180.00 32650.00 200.00 33650.00 220.00 39380.00 240.00 40380.00 260.00 46110.00 280.00 47110.00 300.00 52840.00 320.00 53840.00 340.00 59570.00 360.00 60570.00 380.00 66300.00 400.00 67300.00 420.00 73030.00 440.00 74030.00 460.00 79760.00 480.00 80760.00 500.00 86490.00 520.00 87490.00 540.00 93220.00 560.00 94220.00 580.00 99950.00 600.00 100950.00 620.00 106680.00 640.00 107680.00 660.00 113410.00 680.00 114410.00 700.00 120140.00 720.00 121140.00 740.00 126870.00 760.00 127870.00 780.00 133600.00 800.00 134600.00 )
  L21 ( Budapest Warsaw ) 0.00 0.00 0.00 0.00 ( 20.00 6590.00 40.00 7590.00 60.00 14180.00 80.00 15180.00 100.00 21770.00 120.00 22770.00 140.00 29360.00 160.00 30360.00 180.00 36950.00 200.00 37950.00 220.00 44540.00 240.00 45540.00 260.00 52130.00 280.00 53130.00 300.00 59720.00 320.00 60720.00 340.00 67310.00 360.00 68310.00 380.00 74900.00 400.00 75900.00 420.00 82490.00 440.00 83490.00 460.00 90080.00 480.00 91080.00 500.00 97670.00 520.00 98670.00 540.00 105260.00 560.00 106260.00 580.00 112850.00 600.00 113850.00 620.00 120440.00 640.00 121440.00 660.00 128030.00 680.00 129030.00 700.00 135620.00 720.00 136620.00 740.00 143210.00 760.00 144210.00 780.00 150800.00 800.00 151800.00 )
  L22 ( Copenhagen Oslo ) 0.00 0.00 0.00 0.00 ( 20.00 6160.00 40.00 7160.00 60.00 13320.00 80.00 14320.00 100.00 20480.00 120.00 21480.00 140.00 27640.00 160.00 28640.00 180.00 34800.00 200.00 35800.00 220.00 41960.00 240.00 42960.00 260.00 49120.00 280.00 50120.00 300.00 56280.00 320.00 57280.00 340.00 63440.00 360.00 64440.00 380.00 70600.00 400.00 71600.00 420.00 77760.00 440.00 78760.00 460.00 84920.00 480.00 85920.00 500.00 92080.00 520.00 93080.00 540.00 99240.00 560.00 100240.00 580.00 106400.00 600.00 107400.00 620.00 113560.00 640.00 114560.00 660.00 120720.00 680.00 121720.00 700.00 127880.00 720.00 128880.00 740.00 135040.00 760.00 136040.00 780.00 142200.00 800.00 143200.00 )
  L23 ( Dublin Glasgow ) 0.00 0.00 0.00 0.00 ( 20.00 4440.00 40.00 5440.00 60.00 9880.00 80.00 10880.00 100.00 15320.00 120.00 16320.00 140.00 20760.00 160.00 21760.00 180.00 26200.00 200.00 27200.00 220.00 31640.00 240.00 32640.00 260.00 37080.00 280.00 38080.00 300.00 42520.00 320.00 43520.00 340.00 47960.00 360.00 48960.00 380.00 53400.00 400.00 54400.00 420.00 58840.00 440.00 59840.00 460.00 64280.00 480.00 65280.00 500.00 69720.00 520.00 70720.00 540.00 75160.00 560.00 76160.00 580.00 80600.00 600.00 81600.00 620.00 86040.00 640.00 87040.00 660.00 91480.00 680.00 92480.00 700.00 96920.00 720.00 97920.00 740.00 102360.00 760.00 103360.00 780.00 107800.00 800.00 108800.00 )
  L24 ( Dublin London ) 0.00 0.00 0.00 0.00 ( 20.00 5730.00 40.00 6730.00 60.00 12460.00 80.00 13460.00 100.00 19190.00 120.00 20190.00 140.00 25920.00 160.00 26920.00 180.00 32650.00 200.00 33650.00 220.00 39380.00 240.00 40380.00 260.00 46110.00 280.00 47110.00 300.00 52840.00 320.00 53840.00 340.00 59570.00 360.00 60570.00 380.00 66300.00 400.00 67300.00 420.00 73030.00 440.00 74030.00 460.00 79760.00 480.00 80760.00 500.00 86490.00 520.00 87490.00 540.00 93220.00 560.00 94220.00 580.00 99950.00 600.00 100950.00 620.00 106680.00 640.00 107680.00 660.00 113410.00 680.00 114410.00 700.00 120140.00 720.00 121140.00 740.00 126870.00 760.00 127870.00 780.00 133600.00 800.00 134600.00 )
  L25 ( Frankfurt Hamburg ) 0.00 0.00 0.00 0.00 ( 20.00 5300.00 40.00 6300.00 60.00 11600.00 80.00 12600.00 100.00 17900.00 120.00 18900.00 140.00 24200.00 160.00 25200.00 180.00 30500.00 200.00 31500.00 220.00 36800.00 240.00 37800.00 260.00 43100.00 280.00 44100.00 300.00 49400.00 320.00 50400.00 340.00 55700.00 360.00 56700.00 380.00 62000.00 400.00 63000.00 420.00 68300.00 440.00 69300.00 460.00 74600.00 480.00 75600.00 500.00 80900.00 520.00 81900.00 540.00 87200.00 560.00 88200.00 580.00 93500.00 600.00 94500.00 620.00 99800.00 640.00 100800.00 660.00 106100.00 680.00 107100.00 700.00 112400.00 720.00 113400.00 740.00 118700.00 760.00 119700.00 780.00 125000.00 800.00 126000.00 )
  L26 ( Frankfurt Munich ) 0.00 0.00 0.00 0.00 ( 20.00 4440.00 40.00 5440.00 60.00 9880.00 80.00 10880.00 100.00 15320.00 120.00 16320.00 140.00 20760.00 160.00 21760.00 180.00 26200.00 200.00 27200.00 220.00 31640.00 240.00 32640.00 260.00 37080.00 280.00 38080.00 300.00 42520.00 320.00 43520.00 340.00 47960.00 360.00 48960.00 380.00 53400.00 400.00 54400.00 420.00 58840.00 440.00 59840.00 460.00 64280.00 480.00 65280.00 500.00 69720.00 520.00 70720.00 540.00 75160.00 560.00 76160.00 580.00 80600.00 600.00 81600.00 620.00 86040.00 640.00 87040.00 660.00 91480.00 680.00 92480.00 700.00 96920.00 720.00 97920.00 740.00 102360.00 760.00 103360.00 780.00 107800.00 800.00 108800.00 )
  L27 ( Frankfurt Strasbourg ) 0.00 0.00 0.00 0.00 ( 20.00 3580.00 40.00 4580.00 60.00 8160.00 80.00 9160.00 100.00 12740.00 120.00 13740.00 140.00 17320.00 160.00 18320.00 180.00 21900.00 200.00 22900.00 220.00 26480.00 240.00 27480.00 260.00 31060.00 280.00 32060.00 300.00 35640.00 320.00 36640.00 340.00 40220.00 360.00 41220.00 380.00 44800.00 400.00 45800.00 420.00 49380.00 440.00 50380.00 460.00 53960.00 480.00 54960.00 500.00 58540.00 520.00 59540.00 540.00 63120.00 560.00 64120.00 580.00 67700.00 600.00 68700.00 620.00 72280.00 640.00 73280.00 660.00 76860.00 680.00 77860.00 700.00 81440.00 720.00 82440.00 740.00 86020.00 760.00 87020.00 780.00 90600.00 800.00 91600.00 )
  L28 ( London Paris ) 0.00 0.00 0.00 0.00 ( 20.00 4870.00 40.00 5870.00 60.00 10740.00 80.00 11740.00 100.00 16610.00 120.00 17610.00 140.00 22480.00 160.00 23480.00 180.00 28350.00 200.00 29350.00 220.00 34220.00 240.00 35220.00 260.00 40090.00 280.00 41090.00 300.00 45960.00 320.00 46960.00 340.00 51830.00 360.00 52830.00 380.00 57700.00 400.00 58700.00 420.00 63570.00 440.00 64570.00 460.00 69440.00 480.00 70440.00 500.00 75310.00 520.00 76310.00 540.00 81180.00 560.00 82180.00 580.00 87050.00 600.00 88050.00 620.00 92920.00 640.00 93920.00 660.00 98790.00 680.00 99790.00 700.00 104660.00 720.00 105660.00 740.00 110530.00 760.00 111530.00 780.00 116400.00 800.00 117400.00 )
  L29 ( Lyon Paris ) 0.00 0.00 0.00 0.00 ( 20.00 5300.00 40.00 6300.00 60.00 11600.00 80.00 12600.00 100.00 17900.00 120.00 18900.00 140.00 24200.00 160.00 25200.00 180.00 30500.00 200.00 31500.00 220.00 36800.00 240.00 37800.00 260.00 43100.00 280.00 44100.00 300.00 49400.00 320.00 50400.00 340.00 55700.00 360.00 56700.00 380.00 62000.00 400.00 63000.00 420.00 68300.00 440.00 69300.00 460.00 74600.00 480.00 75600.00 500.00 80900.00 520.00 81900.00 540.00 87200.00 560.00 88200.00 580.00 93500.00 600.00 94500.00 620.00 99800.00 640.00 100800.00 660.00 106100.00 680.00 107100.00 700.00 112400.00 720.00 113400.00 740.00 118700.00 760.00 119700.00 780.00 125000.00 800.00 126000.00 )
  L30 ( Milan Munich ) 0.00 0.00 0.00 0.00 ( 20.00 4870.00 40.00 5870.00 60.00 10740.00 80.00 11740.00 100.00 16610.00 120.00 17610.00 140.00 22480.00 160.00 23480.00 180.00 28350.00 200.00 29350.00 220.00 34220.00 240.00 35220.00 260.00 40090.00 280.00 41090.00 300.00 45960.00 320.00 46960.00 340.00 51830.00 360.00 52830.00 380.00 57700.00 400.00 58700.00 420.00 63570.00 440.00 64570.00 460.00 69440.00 480.00 70440.00 500.00 75310.00 520.00 76310.00 540.00 81180.00 560.00 82180.00 580.00 87050.00 600.00 88050.00 620.00 92920.00 640.00 93920.00 660.00 98790.00 680.00 99790.00 700.00 104660.00 720.00 105660.00 740.00 110530.00 760.00 111530.00 780.00 116400.00 800.00 117400.00 )
  L31 ( Milan Rome ) 0.00 0.00 0.00 0.00 ( 20.00 6160.00 40.00 7160.00 60.00 13320.00 80.00 14320.00 100.00 20480.00 120.00 21480.00 140.00 27640.00 160.00 28640.00 180.00 34800.00 200.00 35800.00 220.00 41960.00 240.00 42960.00 260.00 49120.00 280.00 50120.00 300.00 56280.00 320.00 57280.00 340.00 63440.00 360.00 64440.00 380.00 70600.00 400.00 71600.00 420.00 77760.00 440.00 78760.00 460.00 84920.00 480.00 85920.00 500.00 92080.00 520.00 93080.00 540.00 99240.00 560.00 100240.00 580.00 106400.00 600.00 107400.00 620.00 113560.00 640.00 114560.00 660.00 120720.00 680.00 121720.00 700.00 127880.00 720.00 128880.00 740.00 135040.00 760.00 136040.00 780.00 142200.00 800.00 143200.00 )
  L32 ( Milan Zurich ) 0.00 0.00 0.00 0.00 ( 20.00 4010.00 40.00 5010.00 60.00 9020.00 80.00 10020.00 100.00 14030.00 120.00 15030.00 140.00 19040.00 160.00 20040.00 180.00 24050.00 200.00 25050.00 220.00 29060.00 240.00 30060.00 260.00 34070.00 280.00 35070.00 300.00 39080.00 320.00 40080.00 340.00 44090.00 360.00 45090.00 380.00 49100.00 400.00 50100.00 420.00 54110.00 440.00 55110.00 460.00 59120.00 480.00 60120.00 500.00 64130.00 520.00 65130.00 540.00 69140.00 560.00 70140.00 580.00 74150.00 600.00 75150.00 620.00 79160.00 640.00 80160.00 660.00 84170.00 680.00 85170.00 700.00 89180.00 720.00 90180.00 740.00 94190.00 760.00 95190.00 780.00 99200.00 800.00 100200.00 )
  L33 ( Munich Vienna ) 0.00 0.00 0.00 0.00 ( 20.00 4870.00 40.00 5870.00 60.00 10740.00 80.00 11740.00 100.00 16610.00 120.00 17610.00 140.00 22480.00 160.00 23480.00 180.00 28350.00 200.00 29350.00 220.00 34220.00 240.00 35220.00 260.00 40090.00 280.00 41090.00 300.00 45960.00 320.00 46960.00 340.00 51830.00 360.00 52830.00 380.00 57700.00 400.00 58700.00 420.00 63570.00 440.00 64570.00 460.00 69440.00 480.00 70440.00 500.00 75310.00 520.00 76310.00 540.00 81180.00 560.00 82180.00 580.00 87050.00 600.00 88050.00 620.00 92920.00 640.00 93920.00 660.00 98790.00 680.00 99790.00 700.00 104660.00 720.00 105660.00 740.00 110530.00 760.00 111530.00 780.00 116400.00 800.00 117400.00 )
  L34 ( Oslo Stockholm ) 0.00 0.00 0.00 0.00 ( 20.00 5300.00 40.00 6300.00 60.00 11600.00 80.00 12600.00 100.00 17900.00 120.00 18900.00 140.00 24200.00 160.00 25200.00 180.00 30500.00 200.00 31500.00 220.00 36800.00 240.00 37800.00 260.00 43100.00 280.00 44100.00 300.00 49400.00 320.00 50400.00 340.00 55700.00 360.00 56700.00 380.00 62000.00 400.00 63000.00 420.00 68300.00 440.00 69300.00 460.00 74600.00 480.00 75600.00 500.00 80900.00 520.00 81900.00 540.00 87200.00 560.00 88200.00 580.00 93500.00 600.00 94500.00 620.00 99800.00 640.00 100800.00 660.00 106100.00 680.00 107100.00 700.00 112400.00 720.00 113400.00 740.00 118700.00 760.00 119700.00 780.00 125000.00 800.00 126000.00 )
  L35 ( Paris Strasbourg ) 0.00 0.00 0.00 0.00 ( 20.00 5300.00 40.00 6300.00 60.00 11600.00 80.00 12600.00 100.00 17900.00 120.00 18900.00 140.00 24200.00 160.00 25200.00 180.00 30500.00 200.00 31500.00 220.00 36800.00 240.00 37800.00 260.00 43100.00 280.00 44100.00 300.00 49400.00 320.00 50400.00 340.00 55700.00 360.00 56700.00 380.00 62000.00 400.00 63000.00 420.00 68300.00 440.00 69300.00 460.00 74600.00 480.00 75600.00 500.00 80900.00 520.00 81900.00 540.00 87200.00 560.00 88200.00 580.00 93500.00 600.00 94500.00 620.00 99800.00 640.00 100800.00 660.00 106100.00 680.00 107100.00 700.00 112400.00 720.00 113400.00 740.00 118700.00 760.00 119700.00 780.00 125000.00 800.00 126000.00 )
  L36 ( Prague Vienna ) 0.00 0.00 0.00 0.00 ( 20.00 4010.00 40.00 5010.00 60.00 9020.00 80.00 10020.00 100.00 14030.00 120.00 15030.00 140.00 19040.00 160.00 20040.00 180.00 24050.00 200.00 25050.00 220.00 29060.00 240.00 30060.00 260.00 34070.00 280.00 35070.00 300.00 39080.00 320.00 40080.00 340.00 44090.00 360.00 45090.00 380.00 49100.00 400.00 50100.00 420.00 54110.00 440.00 55110.00 460.00 59120.00 480.00 60120.00 500.00 64130.00 520.00 65130.00 540.00 69140.00 560.00 70140.00 580.00 74150.00 600.00 75150.00 620.00 79160.00 640.00 80160.00 660.00 84170.00 680.00 85170.00 700.00 89180.00 720.00 90180.00 740.00 94190.00 760.00 95190.00 780.00 99200.00 800.00 100200.00 )
  L37 ( Rome Zagreb ) 0.00 0.00 0.00 0.00 ( 20.00 6160.00 40.00 7160.00 60.00 13320.00 80.00 14320.00 100.00 20480.00 120.00 21480.00 140.00 27640.00 160.00 28640.00 180.00 34800.00 200.00 35800.00 220.00 41960.00 240.00 42960.00 260.00 49120.00 280.00 50120.00 300.00 56280.00 320.00 57280.00 340.00 63440.00 360.00 64440.00 380.00 70600.00 400.00 71600.00 420.00 77760.00 440.00 78760.00 460.00 84920.00 480.00 85920.00 500.00 92080.00 520.00 93080.00 540.00 99240.00 560.00 100240.00 580.00 106400.00 600.00 107400.00 620.00 113560.00 640.00 114560.00 660.00 120720.00 680.00 121720.00 700.00 127880.00 720.00 128880.00 740.00 135040.00 760.00 136040.00 780.00 142200.00 800.00 143200.00 )
  L38 ( Stockholm Warsaw ) 0.00 0.00 0.00 0.00 ( 20.00 8740.00 40.00 9740.00 60.00 18480.00 80.00 19480.00 100.00 28220.00 120.00 29220.00 140.00 37960.00 160.00 38960.00 180.00 47700.00 200.00 48700.00 220.00 57440.00 240.00 58440.00 260.00 67180.00 280.00 68180.00 300.00 76920.00 320.00 77920.00 340.00 86660.00 360.00 87660.00 380.00 96400.00 400.00 97400.00 420.00 106140.00 440.00 107140.00 460.00 115880.00 480.00 116880.00 500.00 125620.00 520.00 126620.00 540.00 135360.00 560.00 136360.00 580.00 145100.00 600.00 146100.00 620.00 154840.00 640.00 155840.00 660.00 164580.00 680.00 165580.00 700.00 174320.00 720.00 175320.00 740.00 184060.00 760.00 185060.00 780.00 193800.00 800.00 194800.00 )
  L39 ( Zurich Lyon ) 0.00 0.00 0.00 0.00 ( 20.00 4870.00 40.00 5870.00 60.00 10740.00 80.00 11740.00 100.00 16610.00 120.00 17610.00 140.00 22480.00 160.00 23480.00 180.00 28350.00 200.00 29350.00 220.00 34220.00 240.00 35220.00 260.00 40090.00 280.00 41090.00 300.00 45960.00 320.00 46960.00 340.00 51830.00 360.00 52830.00 380.00 57700.00 400.00 58700.00 420.00 21020.00 440.00 22020.00 25375.00 1269310.00 50310.00 2516060.00 52245.00 2612850.00 54180.00 2709600.00 56115.00 2806390.00 58050.00 2903140.00 59985.00 2999930.00 61920.00 3096680.00 63855.00 3193470.00 65790.00 3290220.00 67725.00 3387010.00 69660.00 3483760.00 71595.00 3580550.00 73530.00 3677300.00 75465.00 3773250.00 77400.00 3870000.00 38700.00 1935000.00 )
  L40 ( Strasbourg Zurich ) 0.00 0.00 0.00 0.00 ( 20.00 3150.00 40.00 4150.00 60.00 7300.00 80.00 8300.00 100.00 11450.00 120.00 12450.00 140.00 15600.00 160.00 16600.00 180.00 19750.00 200.00 20750.00 220.00 23900.00 240.00 24900.00 260.00 28050.00 280.00 29050.00 300.00 32200.00 320.00 33200.00 340.00 36350.00 360.00 37350.00 380.00 40500.00 400.00 41500.00 420.00 44650.00 440.00 45650.00 460.00 48800.00 480.00 49800.00 500.00 52950.00 520.00 53950.00 540.00 57100.00 560.00 58100.00 580.00 61250.00 600.00 62250.00 620.00 65400.00 640.00 66400.00 660.00 69550.00 680.00 70550.00 700.00 73700.00 720.00 74700.00 740.00 77850.00 760.00 78850.00 780.00 82000.00 800.00 83000.00 )
  L41 ( Vienna Zagreb ) 0.00 0.00 0.00 0.00 ( 20.00 4440.00 40.00 5440.00 60.00 9880.00 80.00 10880.00 100.00 15320.00 120.00 16320.00 140.00 20760.00 160.00 21760.00 180.00 26200.00 200.00 27200.00 220.00 31640.00 240.00 32640.00 260.00 37080.00 280.00 38080.00 300.00 42520.00 320.00 43520.00 340.00 47960.00 360.00 48960.00 380.00 53400.00 400.00 54400.00 420.00 58840.00 440.00 59840.00 460.00 64280.00 480.00 65280.00 500.00 69720.00 520.00 70720.00 540.00 75160.00 560.00 76160.00 580.00 80600.00 600.00 81600.00 620.00 86040.00 640.00 87040.00 660.00 91480.00 680.00 92480.00 700.00 96920.00 720.00 97920.00 740.00 102360.00 760.00 103360.00 780.00 107800.00 800.00 108800.00 )
)

# DEMAND SECTION
#
# <demand_id> ( <source> <target> ) <routing_unit> <demand_value> <max_path_length>

DEMANDS (
  AmsterdamAthens ( Amsterdam Athens ) 1 6.00 UNLIMITED
  AmsterdamBarcelona ( Amsterdam Barcelona ) 1 6.00 UNLIMITED
  AmsterdamBelgrade ( Amsterdam Belgrade ) 1 2.00 UNLIMITED
  AmsterdamBerlin ( Amsterdam Berlin ) 1 16.00 UNLIMITED
  AmsterdamBordeaux ( Amsterdam Bordeaux ) 1 4.00 UNLIMITED
  AmsterdamBrussels ( Amsterdam Brussels ) 1 16.00 UNLIMITED
  AmsterdamBudapest ( Amsterdam Budapest ) 1 4.00 UNLIMITED
  AmsterdamCopenhagen ( Amsterdam Copenhagen ) 1 8.00 UNLIMITED
  AmsterdamDublin ( Amsterdam Dublin ) 1 4.00 UNLIMITED
  AmsterdamFrankfurt ( Amsterdam Frankfurt ) 1 20.00 UNLIMITED
  AmsterdamGlasgow ( Amsterdam Glasgow ) 1 26.00 UNLIMITED
  AmsterdamHamburg ( Amsterdam Hamburg ) 1 28.00 UNLIMITED
  AmsterdamLondon ( Amsterdam London ) 1 38.00 UNLIMITED
  AmsterdamLyon ( Amsterdam Lyon ) 1 8.00 UNLIMITED
  AmsterdamMadrid ( Amsterdam Madrid ) 1 6.00 UNLIMITED
  AmsterdamMilan ( Amsterdam Milan ) 1 16.00 UNLIMITED
  AmsterdamMunich ( Amsterdam Munich ) 1 14.00 UNLIMITED
  AmsterdamOslo ( Amsterdam Oslo ) 1 8.00 UNLIMITED
  AmsterdamParis ( Amsterdam Paris ) 1 10.00 UNLIMITED
  AmsterdamPrague ( Amsterdam Prague ) 1 8.00 UNLIMITED
  AmsterdamRome ( Amsterdam Rome ) 1 14.00 UNLIMITED
  AmsterdamStockholm ( Amsterdam Stockholm ) 1 12.00 UNLIMITED
  AmsterdamStrasbourg ( Amsterdam Strasbourg ) 1 10.00 UNLIMITED
  AmsterdamVienna ( Amsterdam Vienna ) 1 6.00 UNLIMITED
  AmsterdamWarsaw ( Amsterdam Warsaw ) 1 18.00 UNLIMITED
  AmsterdamZagreb ( Amsterdam Zagreb ) 1 2.00 UNLIMITED
  AmsterdamZurich ( Amsterdam Zurich ) 1 8.00 UNLIMITED
  AthensBarcelona ( Athens Barcelona ) 1 2.00 UNLIMITED
  AthensBelgrade ( Athens Belgrade ) 1 2.00 UNLIMITED
  AthensBerlin ( Athens Berlin ) 1 2.00 UNLIMITED
  AthensBordeaux ( Athens Bordeaux ) 1 2.00 UNLIMITED
  AthensBrussels ( Athens Brussels ) 1 2.00 UNLIMITED
  AthensBudapest ( Athens Budapest ) 1 2.00 UNLIMITED
  AthensCopenhagen ( Athens Copenhagen ) 1 2.00 UNLIMITED
  AthensDublin ( Athens Dublin ) 1 2.00 UNLIMITED
  AthensFrankfurt ( Athens Frankfurt ) 1 8.00 UNLIMITED
  AthensGlasgow ( Athens Glasgow ) 1 2.00 UNLIMITED
  AthensHamburg ( Athens Hamburg ) 1 2.00 UNLIMITED
  AthensLondon ( Athens London ) 1 4.00 UNLIMITED
  AthensLyon ( Athens Lyon ) 1 2.00 UNLIMITED
  AthensMadrid ( Athens Madrid ) 1 2.00 UNLIMITED
  AthensMilan ( Athens Milan ) 1 2.00 UNLIMITED
  AthensMunich ( Athens Munich ) 1 2.00 UNLIMITED
  AthensOslo ( Athens Oslo ) 1 2.00 UNLIMITED
  AthensParis ( Athens Paris ) 1 2.00 UNLIMITED
  AthensPrague ( Athens Prague ) 1 2.00 UNLIMITED
  AthensRome ( Athens Rome ) 1 2.00 UNLIMITED
  AthensStockholm ( Athens Stockholm ) 1 2.00 UNLIMITED
  AthensStrasbourg ( Athens Strasbourg ) 1 2.00 UNLIMITED
  AthensVienna ( Athens Vienna ) 1 2.00 UNLIMITED
  AthensWarsaw ( Athens Warsaw ) 1 2.00 UNLIMITED
  AthensZagreb ( Athens Zagreb ) 1 2.00 UNLIMITED
  AthensZurich ( Athens Zurich ) 1 2.00 UNLIMITED
  BarcelonaBelgrade ( Barcelona Belgrade ) 1 2.00 UNLIMITED
  BarcelonaBerlin ( Barcelona Berlin ) 1 4.00 UNLIMITED
  BarcelonaBordeaux ( Barcelona Bordeaux ) 1 4.00 UNLIMITED
  BarcelonaBrussels ( Barcelona Brussels ) 1 2.00 UNLIMITED
  BarcelonaBudapest ( Barcelona Budapest ) 1 2.00 UNLIMITED
  BarcelonaCopenhagen ( Barcelona Copenhagen ) 1 2.00 UNLIMITED
  BarcelonaDublin ( Barcelona Dublin ) 1 2.00 UNLIMITED
  BarcelonaFrankfurt ( Barcelona Frankfurt ) 1 18.00 UNLIMITED
  BarcelonaGlasgow ( Barcelona Glasgow ) 1 4.00 UNLIMITED
  BarcelonaHamburg ( Barcelona Hamburg ) 1 4.00 UNLIMITED
  BarcelonaLondon ( Barcelona London ) 1 12.00 UNLIMITED
  BarcelonaLyon ( Barcelona Lyon ) 1 4.00 UNLIMITED
  BarcelonaMadrid ( Barcelona Madrid ) 1 6.00 UNLIMITED
  BarcelonaMilan ( Barcelona Milan ) 1 6.00 UNLIMITED
  BarcelonaMunich ( Barcelona Munich ) 1 4.00 UNLIMITED
  BarcelonaOslo ( Barcelona Oslo ) 1 2.00 UNLIMITED
  BarcelonaParis ( Barcelona Paris ) 1 2.00 UNLIMITED
  BarcelonaPrague ( Barcelona Prague ) 1 2.00 UNLIMITED
  BarcelonaRome ( Barcelona Rome ) 1 4.00 UNLIMITED
  BarcelonaStockholm ( Barcelona Stockholm ) 1 2.00 UNLIMITED
  BarcelonaStrasbourg ( Barcelona Strasbourg ) 1 2.00 UNLIMITED
  BarcelonaVienna ( Barcelona Vienna ) 1 2.00 UNLIMITED
  BarcelonaWarsaw ( Barcelona Warsaw ) 1 4.00 UNLIMITED
  BarcelonaZagreb ( Barcelona Zagreb ) 1 2.00 UNLIMITED
  BarcelonaZurich ( Barcelona Zurich ) 1 2.00 UNLIMITED
  BelgradeBerlin ( Belgrade Berlin ) 1 2.00 UNLIMITED
  BelgradeBordeaux ( Belgrade Bordeaux ) 1 2.00 UNLIMITED
  BelgradeBrussels ( Belgrade Brussels ) 1 2.00 UNLIMITED
  BelgradeBudapest ( Belgrade Budapest ) 1 2.00 UNLIMITED
  BelgradeCopenhagen ( Belgrade Copenhagen ) 1 2.00 UNLIMITED
  BelgradeDublin ( Belgrade Dublin ) 1 2.00 UNLIMITED
  BelgradeFrankfurt ( Belgrade Frankfurt ) 1 4.00 UNLIMITED
  BelgradeGlasgow ( Belgrade Glasgow ) 1 2.00 UNLIMITED
  BelgradeHamburg ( Belgrade Hamburg ) 1 2.00 UNLIMITED
  BelgradeLondon ( Belgrade London ) 1 2.00 UNLIMITED
  BelgradeLyon ( Belgrade Lyon ) 1 2.00 UNLIMITED
  BelgradeMadrid ( Belgrade Madrid ) 1 2.00 UNLIMITED
  BelgradeMilan ( Belgrade Milan ) 1 2.00 UNLIMITED
  BelgradeMunich ( Belgrade Munich ) 1 2.00 UNLIMITED
  BelgradeOslo ( Belgrade Oslo ) 1 2.00 UNLIMITED
  BelgradeParis ( Belgrade Paris ) 1 2.00 UNLIMITED
  BelgradePrague ( Belgrade Prague ) 1 2.00 UNLIMITED
  BelgradeRome ( Belgrade Rome ) 1 2.00 UNLIMITED
  BelgradeStockholm ( Belgrade Stockholm ) 1 2.00 UNLIMITED
  BelgradeStrasbourg ( Belgrade Strasbourg ) 1 2.00 UNLIMITED
  BelgradeVienna ( Belgrade Vienna ) 1 2.00 UNLIMITED
  BelgradeWarsaw ( Belgrade Warsaw ) 1 2.00 UNLIMITED
  BelgradeZagreb ( Belgrade Zagreb ) 1 2.00 UNLIMITED
  BelgradeZurich ( Belgrade Zurich ) 1 2.00 UNLIMITED
  BerlinBordeaux ( Berlin Bordeaux ) 1 2.00 UNLIMITED
  BerlinBrussels ( Berlin Brussels ) 1 4.00 UNLIMITED
  BerlinBudapest ( Berlin Budapest ) 1 2.00 UNLIMITED
  BerlinCopenhagen ( Berlin Copenhagen ) 1 4.00 UNLIMITED
  BerlinDublin ( Berlin Dublin ) 1 2.00 UNLIMITED
  BerlinFrankfurt ( Berlin Frankfurt ) 1 28.00 UNLIMITED
  BerlinGlasgow ( Berlin Glasgow ) 1 8.00 UNLIMITED
  BerlinHamburg ( Berlin Hamburg ) 1 14.00 UNLIMITED
  BerlinLondon ( Berlin London ) 1 12.00 UNLIMITED
  BerlinLyon ( Berlin Lyon ) 1 4.00 UNLIMITED
  BerlinMadrid ( Berlin Madrid ) 1 2.00 UNLIMITED
  BerlinMilan ( Berlin Milan ) 1 6.00 UNLIMITED
  BerlinMunich ( Berlin Munich ) 1 8.00 UNLIMITED
  BerlinOslo ( Berlin Oslo ) 1 2.00 UNLIMITED
  BerlinParis ( Berlin Paris ) 1 4.00 UNLIMITED
  BerlinPrague ( Berlin Prague ) 1 8.00 UNLIMITED
  BerlinRome ( Berlin Rome ) 1 4.00 UNLIMITED
  BerlinStockholm ( Berlin Stockholm ) 1 4.00 UNLIMITED
  BerlinStrasbourg ( Berlin Strasbourg ) 1 4.00 UNLIMITED
  BerlinVienna ( Berlin Vienna ) 1 4.00 UNLIMITED
  BerlinWarsaw ( Berlin Warsaw ) 1 12.00 UNLIMITED
  BerlinZagreb ( Berlin Zagreb ) 1 2.00 UNLIMITED
  BerlinZurich ( Berlin Zurich ) 1 4.00 UNLIMITED
  BordeauxBrussels ( Bordeaux Brussels ) 1 2.00 UNLIMITED
  BordeauxBudapest ( Bordeaux Budapest ) 1 2.00 UNLIMITED
  BordeauxCopenhagen ( Bordeaux Copenhagen ) 1 2.00 UNLIMITED
  BordeauxDublin ( Bordeaux Dublin ) 1 2.00 UNLIMITED
  BordeauxFrankfurt ( Bordeaux Frankfurt ) 1 8.00 UNLIMITED
  BordeauxGlasgow ( Bordeaux Glasgow ) 1 4.00 UNLIMITED
  BordeauxHamburg ( Bordeaux Hamburg ) 1 2.00 UNLIMITED
  BordeauxLondon ( Bordeaux London ) 1 16.00 UNLIMITED
  BordeauxLyon ( Bordeaux Lyon ) 1 4.00 UNLIMITED
  BordeauxMadrid ( Bordeaux Madrid ) 1 4.00 UNLIMITED
  BordeauxMilan ( Bordeaux Milan ) 1 4.00 UNLIMITED
  BordeauxMunich ( Bordeaux Munich ) 1 4.00 UNLIMITED
  BordeauxOslo ( Bordeaux Oslo ) 1 2.00 UNLIMITED
  BordeauxParis ( Bordeaux Paris ) 1 4.00 UNLIMITED
  BordeauxPrague ( Bordeaux Prague ) 1 2.00 UNLIMITED
  BordeauxRome ( Bordeaux Rome ) 1 4.00 UNLIMITED
  BordeauxStockholm ( Bordeaux Stockholm ) 1 2.00 UNLIMITED
  BordeauxStrasbourg ( Bordeaux Strasbourg ) 1 2.00 UNLIMITED
  BordeauxVienna ( Bordeaux Vienna ) 1 2.00 UNLIMITED
  BordeauxWarsaw ( Bordeaux Warsaw ) 1 2.00 UNLIMITED
  BordeauxZagreb ( Bordeaux Zagreb ) 1 2.00 UNLIMITED
  BordeauxZurich ( Bordeaux Zurich ) 1 2.00 UNLIMITED
  BrusselsBudapest ( Brussels Budapest ) 1 2.00 UNLIMITED
  BrusselsCopenhagen ( Brussels Copenhagen ) 1 2.00 UNLIMITED
  BrusselsDublin ( Brussels Dublin ) 1 2.00 UNLIMITED
  BrusselsFrankfurt ( Brussels Frankfurt ) 1 10.00 UNLIMITED
  BrusselsGlasgow ( Brussels Glasgow ) 1 4.00 UNLIMITED
  BrusselsHamburg ( Brussels Hamburg ) 1 4.00 UNLIMITED
  BrusselsLondon ( Brussels London ) 1 10.00 UNLIMITED
  BrusselsLyon ( Brussels Lyon ) 1 2.00 UNLIMITED
  BrusselsMadrid ( Brussels Madrid ) 1 2.00 UNLIMITED
  BrusselsMilan ( Brussels Milan ) 1 4.00 UNLIMITED
  BrusselsMunich ( Brussels Munich ) 1 4.00 UNLIMITED
  BrusselsOslo ( Brussels Oslo ) 1 2.00 UNLIMITED
  BrusselsParis ( Brussels Paris ) 1 4.00 UNLIMITED
  BrusselsPrague ( Brussels Prague ) 1 2.00 UNLIMITED
  BrusselsRome ( Brussels Rome ) 1 2.00 UNLIMITED
  BrusselsStockholm ( Brussels Stockholm ) 1 2.00 UNLIMITED
  BrusselsStrasbourg ( Brussels Strasbourg ) 1 4.00 UNLIMITED
  BrusselsVienna ( Brussels Vienna ) 1 2.00 UNLIMITED
  BrusselsWarsaw ( Brussels Warsaw ) 1 4.00 UNLIMITED
  BrusselsZagreb ( Brussels Zagreb ) 1 2.00 UNLIMITED
  BrusselsZurich ( Brussels Zurich ) 1 2.00 UNLIMITED
  BudapestCopenhagen ( Budapest Copenhagen ) 1 2.00 UNLIMITED
  BudapestDublin ( Budapest Dublin ) 1 2.00 UNLIMITED
  BudapestFrankfurt ( Budapest Frankfurt ) 1 8.00 UNLIMITED
  BudapestGlasgow ( Budapest Glasgow ) 1 2.00 UNLIMITED
  BudapestHamburg ( Budapest Hamburg ) 1 2.00 UNLIMITED
  BudapestLondon ( Budapest London ) 1 4.00 UNLIMITED
  BudapestLyon ( Budapest Lyon ) 1 2.00 UNLIMITED
  BudapestMadrid ( Budapest Madrid ) 1 2.00 UNLIMITED
  BudapestMilan ( Budapest Milan ) 1 2.00 UNLIMITED
  BudapestMunich ( Budapest Munich ) 1 4.00 UNLIMITED
  BudapestOslo ( Budapest Oslo ) 1 2.00 UNLIMITED
  BudapestParis ( Budapest Paris ) 1 2.00 UNLIMITED
  BudapestPrague ( Budapest Prague ) 1 2.00 UNLIMITED
  BudapestRome ( Budapest Rome ) 1 2.00 UNLIMITED
  BudapestStockholm ( Budapest Stockholm ) 1 2.00 UNLIMITED
  BudapestStrasbourg ( Budapest Strasbourg ) 1 2.00 UNLIMITED
  BudapestVienna ( Budapest Vienna ) 1 4.00 UNLIMITED
  BudapestWarsaw ( Budapest Warsaw ) 1 4.00 UNLIMITED
  BudapestZagreb ( Budapest Zagreb ) 1 2.00 UNLIMITED
  BudapestZurich ( Budapest Zurich ) 1 2.00 UNLIMITED
  CopenhagenDublin ( Copenhagen Dublin ) 1 2.00 UNLIMITED
  CopenhagenFrankfurt ( Copenhagen Frankfurt ) 1 4.00 UNLIMITED
  CopenhagenGlasgow ( Copenhagen Glasgow ) 1 2.00 UNLIMITED
  CopenhagenHamburg ( Copenhagen Hamburg ) 1 4.00 UNLIMITED
  CopenhagenLondon ( Copenhagen London ) 1 4.00 UNLIMITED
  CopenhagenLyon ( Copenhagen Lyon ) 1 2.00 UNLIMITED
  CopenhagenMadrid ( Copenhagen Madrid ) 1 2.00 UNLIMITED
  CopenhagenMilan ( Copenhagen Milan ) 1 2.00 UNLIMITED
  CopenhagenMunich ( Copenhagen Munich ) 1 2.00 UNLIMITED
  CopenhagenOslo ( Copenhagen Oslo ) 1 2.00 UNLIMITED
  CopenhagenParis ( Copenhagen Paris ) 1 2.00 UNLIMITED
  CopenhagenPrague ( Copenhagen Prague ) 1 2.00 UNLIMITED
  CopenhagenRome ( Copenhagen Rome ) 1 2.00 UNLIMITED
  CopenhagenStockholm ( Copenhagen Stockholm ) 1 2.00 UNLIMITED
  CopenhagenStrasbourg ( Copenhagen Strasbourg ) 1 2.00 UNLIMITED
  CopenhagenVienna ( Copenhagen Vienna ) 1 2.00 UNLIMITED
  CopenhagenWarsaw ( Copenhagen Warsaw ) 1 4.00 UNLIMITED
  CopenhagenZagreb ( Copenhagen Zagreb ) 1 2.00 UNLIMITED
  CopenhagenZurich ( Copenhagen Zurich ) 1 2.00 UNLIMITED
  DublinFrankfurt ( Dublin Frankfurt ) 1 2.00 UNLIMITED
  DublinGlasgow ( Dublin Glasgow ) 1 4.00 UNLIMITED
  DublinHamburg ( Dublin Hamburg ) 1 2.00 UNLIMITED
  DublinLondon ( Dublin London ) 1 6.00 UNLIMITED
  DublinLyon ( Dublin Lyon ) 1 2.00 UNLIMITED
  DublinMadrid ( Dublin Madrid ) 1 2.00 UNLIMITED
  DublinMilan ( Dublin Milan ) 1 2.00 UNLIMITED
  DublinMunich ( Dublin Munich ) 1 2.00 UNLIMITED
  DublinOslo ( Dublin Oslo ) 1 2.00 UNLIMITED
  DublinParis ( Dublin Paris ) 1 2.00 UNLIMITED
  DublinPrague ( Dublin Prague ) 1 2.00 UNLIMITED
  DublinRome ( Dublin Rome ) 1 2.00 UNLIMITED
  DublinStockholm ( Dublin Stockholm ) 1 2.00 UNLIMITED
  DublinStrasbourg ( Dublin Strasbourg ) 1 2.00 UNLIMITED
  DublinVienna ( Dublin Vienna ) 1 2.00 UNLIMITED
  DublinWarsaw ( Dublin Warsaw ) 1 2.00 UNLIMITED
  DublinZagreb ( Dublin Zagreb ) 1 2.00 UNLIMITED
  DublinZurich ( Dublin Zurich ) 1 2.00 UNLIMITED
  FrankfurtGlasgow ( Frankfurt Glasgow ) 1 14.00 UNLIMITED
  FrankfurtHamburg ( Frankfurt Hamburg ) 1 20.00 UNLIMITED
  FrankfurtLondon ( Frankfurt London ) 1 20.00 UNLIMITED
  FrankfurtLyon ( Frankfurt Lyon ) 1 16.00 UNLIMITED
  FrankfurtMadrid ( Frankfurt Madrid ) 1 10.00 UNLIMITED
  FrankfurtMilan ( Frankfurt Milan ) 1 28.00 UNLIMITED
  FrankfurtMunich ( Frankfurt Munich ) 1 32.00 UNLIMITED
  FrankfurtOslo ( Frankfurt Oslo ) 1 4.00 UNLIMITED
  FrankfurtParis ( Frankfurt Paris ) 1 8.00 UNLIMITED
  FrankfurtPrague ( Frankfurt Prague ) 1 14.00 UNLIMITED
  FrankfurtRome ( Frankfurt Rome ) 1 26.00 UNLIMITED
  FrankfurtStockholm ( Frankfurt Stockholm ) 1 8.00 UNLIMITED
  FrankfurtStrasbourg ( Frankfurt Strasbourg ) 1 24.00 UNLIMITED
  FrankfurtVienna ( Frankfurt Vienna ) 1 10.00 UNLIMITED
  FrankfurtWarsaw ( Frankfurt Warsaw ) 1 34.00 UNLIMITED
  FrankfurtZagreb ( Frankfurt Zagreb ) 1 4.00 UNLIMITED
  FrankfurtZurich ( Frankfurt Zurich ) 1 14.00 UNLIMITED
  GlasgowHamburg ( Glasgow Hamburg ) 1 8.00 UNLIMITED
  GlasgowLondon ( Glasgow London ) 1 54.00 UNLIMITED
  GlasgowLyon ( Glasgow Lyon ) 1 4.00 UNLIMITED
  GlasgowMadrid ( Glasgow Madrid ) 1 4.00 UNLIMITED
  GlasgowMilan ( Glasgow Milan ) 1 8.00 UNLIMITED
  GlasgowMunich ( Glasgow Munich ) 1 8.00 UNLIMITED
  GlasgowOslo ( Glasgow Oslo ) 1 4.00 UNLIMITED
  GlasgowParis ( Glasgow Paris ) 1 6.00 UNLIMITED
  GlasgowPrague ( Glasgow Prague ) 1 4.00 UNLIMITED
  GlasgowRome ( Glasgow Rome ) 1 6.00 UNLIMITED
  GlasgowStockholm ( Glasgow Stockholm ) 1 4.00 UNLIMITED
  GlasgowStrasbourg ( Glasgow Strasbourg ) 1 4.00 UNLIMITED
  GlasgowVienna ( Glasgow Vienna ) 1 4.00 UNLIMITED
  GlasgowWarsaw ( Glasgow Warsaw ) 1 8.00 UNLIMITED
  GlasgowZagreb ( Glasgow Zagreb ) 1 2.00 UNLIMITED
  GlasgowZurich ( Glasgow Zurich ) 1 4.00 UNLIMITED
  HamburgLondon ( Hamburg London ) 1 14.00 UNLIMITED
  HamburgLyon ( Hamburg Lyon ) 1 4.00 UNLIMITED
  HamburgMadrid ( Hamburg Madrid ) 1 2.00 UNLIMITED
  HamburgMilan ( Hamburg Milan ) 1 6.00 UNLIMITED
  HamburgMunich ( Hamburg Munich ) 1 6.00 UNLIMITED
  HamburgOslo ( Hamburg Oslo ) 1 2.00 UNLIMITED
  HamburgParis ( Hamburg Paris ) 1 4.00 UNLIMITED
  HamburgPrague ( Hamburg Prague ) 1 4.00 UNLIMITED
  HamburgRome ( Hamburg Rome ) 1 4.00 UNLIMITED
  HamburgStockholm ( Hamburg Stockholm ) 1 4.00 UNLIMITED
  HamburgStrasbourg ( Hamburg Strasbourg ) 1 4.00 UNLIMITED
  HamburgVienna ( Hamburg Vienna ) 1 2.00 UNLIMITED
  HamburgWarsaw ( Hamburg Warsaw ) 1 8.00 UNLIMITED
  HamburgZagreb ( Hamburg Zagreb ) 1 2.00 UNLIMITED
  HamburgZurich ( Hamburg Zurich ) 1 4.00 UNLIMITED
  LondonLyon ( London Lyon ) 1 8.00 UNLIMITED
  LondonMadrid ( London Madrid ) 1 20.00 UNLIMITED
  LondonMilan ( London Milan ) 1 12.00 UNLIMITED
  LondonMunich ( London Munich ) 1 12.00 UNLIMITED
  LondonOslo ( London Oslo ) 1 4.00 UNLIMITED
  LondonParis ( London Paris ) 1 22.00 UNLIMITED
  LondonPrague ( London Prague ) 1 6.00 UNLIMITED
  LondonRome ( London Rome ) 1 10.00 UNLIMITED
  LondonStockholm ( London Stockholm ) 1 6.00 UNLIMITED
  LondonStrasbourg ( London Strasbourg ) 1 8.00 UNLIMITED
  LondonVienna ( London Vienna ) 1 4.00 UNLIMITED
  LondonWarsaw ( London Warsaw ) 1 12.00 UNLIMITED
  LondonZagreb ( London Zagreb ) 1 2.00 UNLIMITED
  LondonZurich ( London Zurich ) 1 6.00 UNLIMITED
  LyonMadrid ( Lyon Madrid ) 1 2.00 UNLIMITED
  LyonMilan ( Lyon Milan ) 1 8.00 UNLIMITED
  LyonMunich ( Lyon Munich ) 1 4.00 UNLIMITED
  LyonOslo ( Lyon Oslo ) 1 2.00 UNLIMITED
  LyonParis ( Lyon Paris ) 1 4.00 UNLIMITED
  LyonPrague ( Lyon Prague ) 1 2.00 UNLIMITED
  LyonRome ( Lyon Rome ) 1 4.00 UNLIMITED
  LyonStockholm ( Lyon Stockholm ) 1 2.00 UNLIMITED
  LyonStrasbourg ( Lyon Strasbourg ) 1 4.00 UNLIMITED
  LyonVienna ( Lyon Vienna ) 1 2.00 UNLIMITED
  LyonWarsaw ( Lyon Warsaw ) 1 4.00 UNLIMITED
  LyonZagreb ( Lyon Zagreb ) 1 2.00 UNLIMITED
  LyonZurich ( Lyon Zurich ) 1 4.00 UNLIMITED
  MadridMilan ( Madrid Milan ) 1 4.00 UNLIMITED
  MadridMunich ( Madrid Munich ) 1 4.00 UNLIMITED
  MadridOslo ( Madrid Oslo ) 1 2.00 UNLIMITED
  MadridParis ( Madrid Paris ) 1 2.00 UNLIMITED
  MadridPrague ( Madrid Prague ) 1 2.00 UNLIMITED
  MadridRome ( Madrid Rome ) 1 4.00 UNLIMITED
  MadridStockholm ( Madrid Stockholm ) 1 2.00 UNLIMITED
  MadridStrasbourg ( Madrid Strasbourg ) 1 2.00 UNLIMITED
  MadridVienna ( Madrid Vienna ) 1 2.00 UNLIMITED
  MadridWarsaw ( Madrid Warsaw ) 1 4.00 UNLIMITED
  MadridZagreb ( Madrid Zagreb ) 1 2.00 UNLIMITED
  MadridZurich ( Madrid Zurich ) 1 2.00 UNLIMITED
  MilanMunich ( Milan Munich ) 1 12.00 UNLIMITED
  MilanOslo ( Milan Oslo ) 1 2.00 UNLIMITED
  MilanParis ( Milan Paris ) 1 4.00 UNLIMITED
  MilanPrague ( Milan Prague ) 1 4.00 UNLIMITED
  MilanRome ( Milan Rome ) 1 10.00 UNLIMITED
  MilanStockholm ( Milan Stockholm ) 1 2.00 UNLIMITED
  MilanStrasbourg ( Milan Strasbourg ) 1 8.00 UNLIMITED
  MilanVienna ( Milan Vienna ) 1 4.00 UNLIMITED
  MilanWarsaw ( Milan Warsaw ) 1 6.00 UNLIMITED
  MilanZagreb ( Milan Zagreb ) 1 2.00 UNLIMITED
  MilanZurich ( Milan Zurich ) 1 8.00 UNLIMITED
  MunichOslo ( Munich Oslo ) 1 2.00 UNLIMITED
  MunichParis ( Munich Paris ) 1 4.00 UNLIMITED
  MunichPrague ( Munich Prague ) 1 6.00 UNLIMITED
  MunichRome ( Munich Rome ) 1 6.00 UNLIMITED
  MunichStockholm ( Munich Stockholm ) 1 2.00 UNLIMITED
  MunichStrasbourg ( Munich Strasbourg ) 1 8.00 UNLIMITED
  MunichVienna ( Munich Vienna ) 1 4.00 UNLIMITED
  MunichWarsaw ( Munich Warsaw ) 1 8.00 UNLIMITED
  MunichZagreb ( Munich Zagreb ) 1 2.00 UNLIMITED
  MunichZurich ( Munich Zurich ) 1 6.00 UNLIMITED
  OsloParis ( Oslo Paris ) 1 2.00 UNLIMITED
  OsloPrague ( Oslo Prague ) 1 2.00 UNLIMITED
  OsloRome ( Oslo Rome ) 1 2.00 UNLIMITED
  OsloStockholm ( Oslo Stockholm ) 1 2.00 UNLIMITED
  OsloStrasbourg ( Oslo Strasbourg ) 1 2.00 UNLIMITED
  OsloVienna ( Oslo Vienna ) 1 2.00 UNLIMITED
  OsloWarsaw ( Oslo Warsaw ) 1 2.00 UNLIMITED
  OsloZagreb ( Oslo Zagreb ) 1 2.00 UNLIMITED
  OsloZurich ( Oslo Zurich ) 1 2.00 UNLIMITED
  ParisPrague ( Paris Prague ) 1 2.00 UNLIMITED
  ParisRome ( Paris Rome ) 1 4.00 UNLIMITED
  ParisStockholm ( Paris Stockholm ) 1 2.00 UNLIMITED
  ParisStrasbourg ( Paris Strasbourg ) 1 4.00 UNLIMITED
  ParisVienna ( Paris Vienna ) 1 2.00 UNLIMITED
  ParisWarsaw ( Paris Warsaw ) 1 4.00 UNLIMITED
  ParisZagreb ( Paris Zagreb ) 1 2.00 UNLIMITED
  ParisZurich ( Paris Zurich ) 1 2.00 UNLIMITED
  PragueRome ( Prague Rome ) 1 4.00 UNLIMITED
  PragueStockholm ( Prague Stockholm ) 1 2.00 UNLIMITED
  PragueStrasbourg ( Prague Strasbourg ) 1 2.00 UNLIMITED
  PragueVienna ( Prague Vienna ) 1 4.00 UNLIMITED
  PragueWarsaw ( Prague Warsaw ) 1 6.00 UNLIMITED
  PragueZagreb ( Prague Zagreb ) 1 2.00 UNLIMITED
  PragueZurich ( Prague Zurich ) 1 2.00 UNLIMITED
  RomeStockholm ( Rome Stockholm ) 1 2.00 UNLIMITED
  RomeStrasbourg ( Rome Strasbourg ) 1 4.00 UNLIMITED
  RomeVienna ( Rome Vienna ) 1 4.00 UNLIMITED
  RomeWarsaw ( Rome Warsaw ) 1 6.00 UNLIMITED
  RomeZagreb ( Rome Zagreb ) 1 2.00 UNLIMITED
  RomeZurich ( Rome Zurich ) 1 4.00 UNLIMITED
  StockholmStrasbourg ( Stockholm Strasbourg ) 1 2.00 UNLIMITED
  StockholmVienna ( Stockholm Vienna ) 1 2.00 UNLIMITED
  StockholmWarsaw ( Stockholm Warsaw ) 1 4.00 UNLIMITED
  StockholmZagreb ( Stockholm Zagreb ) 1 2.00 UNLIMITED
  StockholmZurich ( Stockholm Zurich ) 1 2.00 UNLIMITED
  StrasbourgVienna ( Strasbourg Vienna ) 1 2.00 UNLIMITED
  StrasbourgWarsaw ( Strasbourg Warsaw ) 1 4.00 UNLIMITED
  StrasbourgZagreb ( Strasbourg Zagreb ) 1 2.00 UNLIMITED
  StrasbourgZurich ( Strasbourg Zurich ) 1 8.00 UNLIMITED
  ViennaWarsaw ( Vienna Warsaw ) 1 4.00 UNLIMITED
  ViennaZagreb ( Vienna Zagreb ) 1 2.00 UNLIMITED
  ViennaZurich ( Vienna Zurich ) 1 2.00 UNLIMITED
  WarsawZagreb ( Warsaw Zagreb ) 1 2.00 UNLIMITED
  WarsawZurich ( Warsaw Zurich ) 1 4.00 UNLIMITED
  ZagrebZurich ( Zagreb Zurich ) 1 2.00 UNLIMITED
)

# ADMISSIBLE PATHS SECTION
#
# <demand_id> ( {<path_id> ( <link_id>+ )}+ )

ADMISSIBLE_PATHS ( 
)