?SNDlib native format; type: network; version: 1.0
# network dfn-bwin

# NODE SECTION
#
# <node_id> [(<longitude>, <latitude>)]

NODES (
  Frankfurt ( 8.40 50.07 )
  Koeln ( 6.57 50.57 )
  Hamburg ( 10.02 53.34 )
  Hannover ( 9.44 52.23 )
  Karlsruhe ( 8.24 49.01 )
  Stuttgart ( 9.11 48.47 )
  Muenchen ( 11.34 48.08 )
  Nuernberg ( 11.05 49.27 )
  Berlin ( 13.18 52.32 )
  Leipzig ( 12.22 51.21 )
)

# LINK SECTION
#
# <link_id> ( <source> <target> ) <pre_installed_capacity> <pre_installed_capacity_cost> <routing_cost> <setup_cost> ( {<module_capacity> <module_cost>}* )

LINKS (
  Berlin_Leipzig ( Leipzig Berlin ) 0.00 0.00 0.00 0.00 ( 80000.00 8112.00 85000.00 8428.875 90000.00 8745.75 95000.00 9062.625 100000.00 9379.50 105000.00 9696.375 110000.00 10013.25 115000.00 10330.125 120000.00 10647.00 125000.00 10963.875 130000.00 11280.75 135000.00 11597.625 140000.00 11914.50 145000.00 12231.375 150000.00 12548.25 155000.00 12865.125 160000.00 13182.00 165000.00 13372.125 170000.00 13562.25 175000.00 13752.375 180000.00 13942.50 185000.00 14132.625 190000.00 14322.75 195000.00 14512.875 200000.00 14703.00 205000.00 14893.125 210000.00 15083.25 215000.00 15273.375 220000.00 15463.50 225000.00 15653.625 230000.00 15843.75 235000.00 16033.875 240000.00 16224.00 245000.00 16316.173 250000.00 16408.345 255000.00 16500.518 260000.00 16592.69 265000.00 16684.863 270000.00 16777.137 275000.00 16869.31 280000.00 16961.482 285000.00 17053.655 290000.00 17145.827 295000.00 17238.00 300000.00 17330.173 305000.00 17422.345 310000.00 17514.518 315000.00 17606.69 320000.00 17698.863 325000.00 17791.137 330000.00 17883.31 335000.00 17975.482 340000.00 18067.655 345000.00 18159.827 350000.00 18252.00 )
  Koeln_Leipzig ( Leipzig Koeln ) 0.00 0.00 0.00 0.00 ( 80000.00 8294.40 85000.00 8618.40 90000.00 8942.40 95000.00 9266.40 100000.00 9590.40 105000.00 9914.40 110000.00 10238.40 115000.00 10562.40 120000.00 10886.40 125000.00 11210.40 130000.00 11534.40 135000.00 11858.40 140000.00 12182.40 145000.00 12506.40 150000.00 12830.40 155000.00 13154.40 160000.00 13478.40 165000.00 13672.80 170000.00 13867.20 175000.00 14061.60 180000.00 14256.00 185000.00 14450.40 190000.00 14644.80 195000.00 14839.20 200000.00 15033.60 205000.00 15228.00 210000.00 15422.40 215000.00 15616.80 220000.00 15811.20 225000.00 16005.60 230000.00 16200.00 235000.00 16394.40 240000.00 16588.80 245000.00 16683.045 250000.00 16777.29 255000.00 16871.535 260000.00 16965.78 265000.00 17060.026 270000.00 17154.374 275000.00 17248.62 280000.00 17342.865 285000.00 17437.11 290000.00 17531.355 295000.00 17625.60 300000.00 17719.845 305000.00 17814.09 310000.00 17908.335 315000.00 18002.58 320000.00 18096.826 325000.00 18191.174 330000.00 18285.42 335000.00 18379.665 340000.00 18473.91 345000.00 18568.155 350000.00 18662.40 )
  Leipzig_Muenchen ( Leipzig Muenchen ) 0.00 0.00 0.00 0.00 ( 80000.00 8276.80 85000.00 8600.112 90000.00 8923.425 95000.00 9246.737 100000.00 9570.05 105000.00 9893.362 110000.00 10216.675 115000.00 10539.987 120000.00 10863.30 125000.00 11186.612 130000.00 11509.925 135000.00 11833.237 140000.00 12156.55 145000.00 12479.862 150000.00 12803.175 155000.00 13126.487 160000.00 13449.80 165000.00 13643.788 170000.00 13837.775 175000.00 14031.763 180000.00 14225.75 185000.00 14419.737 190000.00 14613.725 195000.00 14807.712 200000.00 15001.70 205000.00 15195.688 210000.00 15389.675 215000.00 15583.663 220000.00 15777.65 225000.00 15971.638 230000.00 16165.625 235000.00 16359.612 240000.00 16553.60 245000.00 16647.645 250000.00 16741.69 255000.00 16835.735 260000.00 16929.781 265000.00 17023.826 270000.00 17117.974 275000.00 17212.019 280000.00 17306.065 285000.00 17400.11 290000.00 17494.155 295000.00 17588.20 300000.00 17682.245 305000.00 17776.29 310000.00 17870.335 315000.00 17964.381 320000.00 18058.426 325000.00 18152.574 330000.00 18246.619 335000.00 18340.665 340000.00 18434.71 345000.00 18528.755 350000.00 18622.80 )
  Karlsruhe_Hamburg ( Hamburg Karlsruhe ) 0.00 0.00 0.00 0.00 ( 80000.00 8246.40 85000.00 8568.525 90000.00 8890.65 95000.00 9212.775 100000.00 9534.90 105000.00 9857.025 110000.00 10179.15 115000.00 10501.275 120000.00 10823.40 125000.00 11145.525 130000.00 11467.65 135000.00 11789.775 140000.00 12111.90 145000.00 12434.025 150000.00 12756.15 155000.00 13078.275 160000.00 13400.40 165000.00 13593.675 170000.00 13786.95 175000.00 13980.225 180000.00 14173.50 185000.00 14366.775 190000.00 14560.05 195000.00 14753.325 200000.00 14946.60 205000.00 15139.875 210000.00 15333.15 215000.00 15526.425 220000.00 15719.70 225000.00 15912.975 230000.00 16106.25 235000.00 16299.525 240000.00 16492.80 245000.00 16586.50 250000.00 16680.199 255000.00 16773.899 260000.00 16867.599 265000.00 16961.299 270000.00 17055.101 275000.00 17148.801 280000.00 17242.501 285000.00 17336.201 290000.00 17429.90 295000.00 17523.60 300000.00 17617.30 305000.00 17710.999 310000.00 17804.699 315000.00 17898.399 320000.00 17992.099 325000.00 18085.901 330000.00 18179.601 335000.00 18273.301 340000.00 18367.001 345000.00 18460.70 350000.00 18554.40 )
  Berlin_Hamburg ( Hamburg Berlin ) 0.00 0.00 0.00 0.00 ( 80000.00 8203.20 85000.00 8523.638 90000.00 8844.075 95000.00 9164.513 100000.00 9484.95 105000.00 9805.388 110000.00 10125.825 115000.00 10446.263 120000.00 10766.70 125000.00 11087.138 130000.00 11407.575 135000.00 11728.013 140000.00 12048.45 145000.00 12368.888 150000.00 12689.325 155000.00 13009.763 160000.00 13330.20 165000.00 13522.462 170000.00 13714.725 175000.00 13906.987 180000.00 14099.25 185000.00 14291.513 190000.00 14483.775 195000.00 14676.038 200000.00 14868.30 205000.00 15060.562 210000.00 15252.825 215000.00 15445.087 220000.00 15637.35 225000.00 15829.612 230000.00 16021.875 235000.00 16214.138 240000.00 16406.40 245000.00 16499.609 250000.00 16592.818 255000.00 16686.027 260000.00 16779.235 265000.00 16872.444 270000.00 16965.756 275000.00 17058.965 280000.00 17152.173 285000.00 17245.382 290000.00 17338.591 295000.00 17431.80 300000.00 17525.009 305000.00 17618.218 310000.00 17711.427 315000.00 17804.635 320000.00 17897.844 325000.00 17991.156 330000.00 18084.365 335000.00 18177.573 340000.00 18270.782 345000.00 18363.991 350000.00 18457.20 )
  Nuernberg_Hamburg ( Hamburg Nuernberg ) 0.00 0.00 0.00 0.00 ( 80000.00 8360.00 85000.00 8686.562 90000.00 9013.125 95000.00 9339.688 100000.00 9666.25 105000.00 9992.812 110000.00 10319.375 115000.00 10645.938 120000.00 10972.50 125000.00 11299.062 130000.00 11625.625 135000.00 11952.188 140000.00 12278.75 145000.00 12605.312 150000.00 12931.875 155000.00 13258.438 160000.00 13585.00 165000.00 13780.938 170000.00 13976.875 175000.00 14172.812 180000.00 14368.75 185000.00 14564.688 190000.00 14760.625 195000.00 14956.562 200000.00 15152.50 205000.00 15348.438 210000.00 15544.375 215000.00 15740.312 220000.00 15936.25 225000.00 16132.188 230000.00 16328.125 235000.00 16524.062 240000.00 16720.00 245000.00 16814.99 250000.00 16909.981 255000.00 17004.971 260000.00 17099.962 265000.00 17194.952 270000.00 17290.048 275000.00 17385.038 280000.00 17480.029 285000.00 17575.019 290000.00 17670.01 295000.00 17765.00 300000.00 17859.99 305000.00 17954.981 310000.00 18049.971 315000.00 18144.962 320000.00 18239.952 325000.00 18335.048 330000.00 18430.038 335000.00 18525.029 340000.00 18620.019 345000.00 18715.01 350000.00 18810.00 )
  Hamburg_Stuttgart ( Hamburg Stuttgart ) 0.00 0.00 0.00 0.00 ( 80000.00 8432.00 85000.00 8761.375 90000.00 9090.75 95000.00 9420.125 100000.00 9749.50 105000.00 10078.875 110000.00 10408.25 115000.00 10737.625 120000.00 11067.00 125000.00 11396.375 130000.00 11725.75 135000.00 12055.125 140000.00 12384.50 145000.00 12713.875 150000.00 13043.25 155000.00 13372.625 160000.00 13702.00 165000.00 13899.625 170000.00 14097.25 175000.00 14294.875 180000.00 14492.50 185000.00 14690.125 190000.00 14887.75 195000.00 15085.375 200000.00 15283.00 205000.00 15480.625 210000.00 15678.25 215000.00 15875.875 220000.00 16073.50 225000.00 16271.125 230000.00 16468.75 235000.00 16666.375 240000.00 16864.00 245000.00 16959.809 250000.00 17055.617 255000.00 17151.426 260000.00 17247.234 265000.00 17343.043 270000.00 17438.957 275000.00 17534.766 280000.00 17630.574 285000.00 17726.383 290000.00 17822.191 295000.00 17918.00 300000.00 18013.809 305000.00 18109.617 310000.00 18205.426 315000.00 18301.234 320000.00 18397.043 325000.00 18492.957 330000.00 18588.766 335000.00 18684.574 340000.00 18780.383 345000.00 18876.191 350000.00 18972.00 )
  Hamburg_Muenchen ( Hamburg Muenchen ) 0.00 0.00 0.00 0.00 ( 80000.00 8480.80 85000.00 8812.081 90000.00 9143.362 95000.00 9474.644 100000.00 9805.925 105000.00 10137.206 110000.00 10468.487 115000.00 10799.769 120000.00 11131.05 125000.00 11462.331 130000.00 11793.612 135000.00 12124.894 140000.00 12456.175 145000.00 12787.456 150000.00 13118.737 155000.00 13450.019 160000.00 13781.30 165000.00 13980.069 170000.00 14178.837 175000.00 14377.606 180000.00 14576.375 185000.00 14775.144 190000.00 14973.913 195000.00 15172.681 200000.00 15371.45 205000.00 15570.219 210000.00 15768.987 215000.00 15967.756 220000.00 16166.525 225000.00 16365.294 230000.00 16564.062 235000.00 16762.831 240000.00 16961.60 245000.00 17057.963 250000.00 17154.326 255000.00 17250.689 260000.00 17347.052 265000.00 17443.415 270000.00 17539.885 275000.00 17636.248 280000.00 17732.611 285000.00 17828.974 290000.00 17925.337 295000.00 18021.70 300000.00 18118.063 305000.00 18214.426 310000.00 18310.789 315000.00 18407.152 320000.00 18503.515 325000.00 18599.985 330000.00 18696.348 335000.00 18792.711 340000.00 18889.074 345000.00 18985.437 350000.00 19081.80 )
  Frankfurt_Hannover ( Hannover Frankfurt ) 0.00 0.00 0.00 0.00 ( 80000.00 8208.80 85000.00 8529.456 90000.00 8850.112 95000.00 9170.769 100000.00 9491.425 105000.00 9812.081 110000.00 10132.737 115000.00 10453.394 120000.00 10774.05 125000.00 11094.706 130000.00 11415.362 135000.00 11736.019 140000.00 12056.675 145000.00 12377.331 150000.00 12697.987 155000.00 13018.644 160000.00 13339.30 165000.00 13531.694 170000.00 13724.087 175000.00 13916.481 180000.00 14108.875 185000.00 14301.269 190000.00 14493.663 195000.00 14686.056 200000.00 14878.45 205000.00 15070.844 210000.00 15263.237 215000.00 15455.631 220000.00 15648.025 225000.00 15840.419 230000.00 16032.812 235000.00 16225.206 240000.00 16417.60 245000.00 16510.872 250000.00 16604.145 255000.00 16697.417 260000.00 16790.69 265000.00 16883.962 270000.00 16977.338 275000.00 17070.61 280000.00 17163.883 285000.00 17257.155 290000.00 17350.428 295000.00 17443.70 300000.00 17536.972 305000.00 17630.245 310000.00 17723.517 315000.00 17816.79 320000.00 17910.062 325000.00 18003.438 330000.00 18096.71 335000.00 18189.983 340000.00 18283.255 345000.00 18376.528 350000.00 18469.80 )
  Karlsruhe_Hannover ( Hannover Karlsruhe ) 0.00 0.00 0.00 0.00 ( 80000.00 8170.40 85000.00 8489.556 90000.00 8808.712 95000.00 9127.869 100000.00 9447.025 105000.00 9766.181 110000.00 10085.337 115000.00 10404.494 120000.00 10723.65 125000.00 11042.806 130000.00 11361.962 135000.00 11681.119 140000.00 12000.275 145000.00 12319.431 150000.00 12638.587 155000.00 12957.744 160000.00 13276.90 165000.00 13468.394 170000.00 13659.888 175000.00 13851.381 180000.00 14042.875 185000.00 14234.369 190000.00 14425.862 195000.00 14617.356 200000.00 14808.85 205000.00 15000.344 210000.00 15191.837 215000.00 15383.331 220000.00 15574.825 225000.00 15766.319 230000.00 15957.812 235000.00 16149.306 240000.00 16340.80 245000.00 16433.636 250000.00 16526.472 255000.00 16619.309 260000.00 16712.145 265000.00 16804.981 270000.00 16897.919 275000.00 16990.755 280000.00 17083.591 285000.00 17176.428 290000.00 17269.264 295000.00 17362.10 300000.00 17454.936 305000.00 17547.772 310000.00 17640.609 315000.00 17733.445 320000.00 17826.281 325000.00 17919.219 330000.00 18012.055 335000.00 18104.891 340000.00 18197.728 345000.00 18290.564 350000.00 18383.40 )
  Hannover_Koeln ( Hannover Koeln ) 0.00 0.00 0.00 0.00 ( 80000.00 8200.80 85000.00 8521.144 90000.00 8841.487 95000.00 9161.831 100000.00 9482.175 105000.00 9802.519 110000.00 10122.862 115000.00 10443.206 120000.00 10763.55 125000.00 11083.894 130000.00 11404.237 135000.00 11724.581 140000.00 12044.925 145000.00 12365.269 150000.00 12685.612 155000.00 13005.956 160000.00 13326.30 165000.00 13518.506 170000.00 13710.712 175000.00 13902.919 180000.00 14095.125 185000.00 14287.331 190000.00 14479.538 195000.00 14671.744 200000.00 14863.95 205000.00 15056.156 210000.00 15248.362 215000.00 15440.569 220000.00 15632.775 225000.00 15824.981 230000.00 16017.188 235000.00 16209.394 240000.00 16401.60 245000.00 16494.782 250000.00 16587.963 255000.00 16681.145 260000.00 16774.326 265000.00 16867.508 270000.00 16960.792 275000.00 17053.974 280000.00 17147.155 285000.00 17240.337 290000.00 17333.518 295000.00 17426.70 300000.00 17519.882 305000.00 17613.063 310000.00 17706.245 315000.00 17799.426 320000.00 17892.608 325000.00 17985.892 330000.00 18079.074 335000.00 18172.255 340000.00 18265.437 345000.00 18358.618 350000.00 18451.80 )
  Karlsruhe_Stuttgart ( Stuttgart Karlsruhe ) 0.00 0.00 0.00 0.00 ( 80000.00 8270.40 85000.00 8593.462 90000.00 8916.525 95000.00 9239.587 100000.00 9562.65 105000.00 9885.712 110000.00 10208.775 115000.00 10531.837 120000.00 10854.90 125000.00 11177.962 130000.00 11501.025 135000.00 11824.087 140000.00 12147.15 145000.00 12470.212 150000.00 12793.275 155000.00 13116.337 160000.00 13439.40 165000.00 13633.237 170000.00 13827.075 175000.00 14020.913 180000.00 14214.75 185000.00 14408.587 190000.00 14602.425 195000.00 14796.263 200000.00 14990.10 205000.00 15183.938 210000.00 15377.775 215000.00 15571.612 220000.00 15765.45 225000.00 15959.288 230000.00 16153.125 235000.00 16346.962 240000.00 16540.80 245000.00 16634.772 250000.00 16728.745 255000.00 16822.717 260000.00 16916.69 265000.00 17010.662 270000.00 17104.738 275000.00 17198.71 280000.00 17292.683 285000.00 17386.655 290000.00 17480.628 295000.00 17574.60 300000.00 17668.572 305000.00 17762.545 310000.00 17856.517 315000.00 17950.49 320000.00 18044.462 325000.00 18138.538 330000.00 18232.51 335000.00 18326.483 340000.00 18420.455 345000.00 18514.428 350000.00 18608.40 )
  Nuernberg_Stuttgart ( Stuttgart Nuernberg ) 0.00 0.00 0.00 0.00 ( 80000.00 8135.20 85000.00 8452.981 90000.00 8770.763 95000.00 9088.544 100000.00 9406.325 105000.00 9724.106 110000.00 10041.888 115000.00 10359.669 120000.00 10677.45 125000.00 10995.231 130000.00 11313.013 135000.00 11630.794 140000.00 11948.575 145000.00 12266.356 150000.00 12584.138 155000.00 12901.919 160000.00 13219.70 165000.00 13410.369 170000.00 13601.038 175000.00 13791.706 180000.00 13982.375 185000.00 14173.044 190000.00 14363.712 195000.00 14554.381 200000.00 14745.05 205000.00 14935.719 210000.00 15126.388 215000.00 15317.056 220000.00 15507.725 225000.00 15698.394 230000.00 15889.062 235000.00 16079.731 240000.00 16270.40 245000.00 16362.836 250000.00 16455.272 255000.00 16547.709 260000.00 16640.145 265000.00 16732.581 270000.00 16825.119 275000.00 16917.555 280000.00 17009.991 285000.00 17102.428 290000.00 17194.864 295000.00 17287.30 300000.00 17379.736 305000.00 17472.172 310000.00 17564.609 315000.00 17657.045 320000.00 17749.481 325000.00 17842.019 330000.00 17934.455 335000.00 18026.891 340000.00 18119.328 345000.00 18211.764 350000.00 18304.20 )
  Koeln_Stuttgart ( Stuttgart Koeln ) 0.00 0.00 0.00 0.00 ( 80000.00 8211.20 85000.00 8531.95 90000.00 8852.70 95000.00 9173.45 100000.00 9494.20 105000.00 9814.95 110000.00 10135.70 115000.00 10456.45 120000.00 10777.20 125000.00 11097.95 130000.00 11418.70 135000.00 11739.45 140000.00 12060.20 145000.00 12380.95 150000.00 12701.70 155000.00 13022.45 160000.00 13343.20 165000.00 13535.65 170000.00 13728.10 175000.00 13920.55 180000.00 14113.00 185000.00 14305.45 190000.00 14497.90 195000.00 14690.35 200000.00 14882.80 205000.00 15075.25 210000.00 15267.70 215000.00 15460.15 220000.00 15652.60 225000.00 15845.05 230000.00 16037.50 235000.00 16229.95 240000.00 16422.40 245000.00 16515.70 250000.00 16609.00 255000.00 16702.299 260000.00 16795.599 265000.00 16888.899 270000.00 16982.301 275000.00 17075.601 280000.00 17168.901 285000.00 17262.20 290000.00 17355.50 295000.00 17448.80 300000.00 17542.10 305000.00 17635.40 310000.00 17728.699 315000.00 17821.999 320000.00 17915.299 325000.00 18008.701 330000.00 18102.001 335000.00 18195.301 340000.00 18288.60 345000.00 18381.90 350000.00 18475.20 )
  Karlsruhe_Muenchen ( Muenchen Karlsruhe ) 0.00 0.00 0.00 0.00 ( 80000.00 8391.20 85000.00 8718.981 90000.00 9046.763 95000.00 9374.544 100000.00 9702.325 105000.00 10030.106 110000.00 10357.888 115000.00 10685.669 120000.00 11013.45 125000.00 11341.231 130000.00 11669.013 135000.00 11996.794 140000.00 12324.575 145000.00 12652.356 150000.00 12980.138 155000.00 13307.919 160000.00 13635.70 165000.00 13832.369 170000.00 14029.038 175000.00 14225.706 180000.00 14422.375 185000.00 14619.044 190000.00 14815.712 195000.00 15012.381 200000.00 15209.05 205000.00 15405.719 210000.00 15602.388 215000.00 15799.056 220000.00 15995.725 225000.00 16192.394 230000.00 16389.062 235000.00 16585.731 240000.00 16782.40 245000.00 16877.745 250000.00 16973.09 255000.00 17068.435 260000.00 17163.78 265000.00 17259.125 270000.00 17354.575 275000.00 17449.92 280000.00 17545.265 285000.00 17640.61 290000.00 17735.955 295000.00 17831.30 300000.00 17926.645 305000.00 18021.99 310000.00 18117.335 315000.00 18212.68 320000.00 18308.025 325000.00 18403.475 330000.00 18498.82 335000.00 18594.165 340000.00 18689.51 345000.00 18784.855 350000.00 18880.20 )
  Berlin_Muenchen ( Muenchen Berlin ) 0.00 0.00 0.00 0.00 ( 80000.00 8384.00 85000.00 8711.50 90000.00 9039.00 95000.00 9366.50 100000.00 9694.00 105000.00 10021.50 110000.00 10349.00 115000.00 10676.50 120000.00 11004.00 125000.00 11331.50 130000.00 11659.00 135000.00 11986.50 140000.00 12314.00 145000.00 12641.50 150000.00 12969.00 155000.00 13296.50 160000.00 13624.00 165000.00 13820.50 170000.00 14017.00 175000.00 14213.50 180000.00 14410.00 185000.00 14606.50 190000.00 14803.00 195000.00 14999.50 200000.00 15196.00 205000.00 15392.50 210000.00 15589.00 215000.00 15785.50 220000.00 15982.00 225000.00 16178.50 230000.00 16375.00 235000.00 16571.50 240000.00 16768.00 245000.00 16863.263 250000.00 16958.526 255000.00 17053.79 260000.00 17149.053 265000.00 17244.316 270000.00 17339.684 275000.00 17434.947 280000.00 17530.21 285000.00 17625.474 290000.00 17720.737 295000.00 17816.00 300000.00 17911.263 305000.00 18006.526 310000.00 18101.79 315000.00 18197.053 320000.00 18292.316 325000.00 18387.684 330000.00 18482.947 335000.00 18578.21 340000.00 18673.474 345000.00 18768.737 350000.00 18864.00 )
  Nuernberg_Muenchen ( Muenchen Nuernberg ) 0.00 0.00 0.00 0.00 ( 80000.00 8122.40 85000.00 8439.681 90000.00 8756.962 95000.00 9074.244 100000.00 9391.525 105000.00 9708.806 110000.00 10026.087 115000.00 10343.369 120000.00 10660.65 125000.00 10977.931 130000.00 11295.212 135000.00 11612.494 140000.00 11929.775 145000.00 12247.056 150000.00 12564.337 155000.00 12881.619 160000.00 13198.90 165000.00 13389.269 170000.00 13579.638 175000.00 13770.006 180000.00 13960.375 185000.00 14150.744 190000.00 14341.112 195000.00 14531.481 200000.00 14721.85 205000.00 14912.219 210000.00 15102.587 215000.00 15292.956 220000.00 15483.325 225000.00 15673.694 230000.00 15864.062 235000.00 16054.431 240000.00 16244.80 245000.00 16337.091 250000.00 16429.382 255000.00 16521.672 260000.00 16613.963 265000.00 16706.254 270000.00 16798.646 275000.00 16890.937 280000.00 16983.228 285000.00 17075.518 290000.00 17167.809 295000.00 17260.10 300000.00 17352.391 305000.00 17444.682 310000.00 17536.972 315000.00 17629.263 320000.00 17721.554 325000.00 17813.946 330000.00 17906.237 335000.00 17998.528 340000.00 18090.818 345000.00 18183.109 350000.00 18275.40 )
  Nuernberg_Koeln ( Koeln Nuernberg ) 0.00 0.00 0.00 0.00 ( 80000.00 8243.20 85000.00 8565.20 90000.00 8887.20 95000.00 9209.20 100000.00 9531.20 105000.00 9853.20 110000.00 10175.20 115000.00 10497.20 120000.00 10819.20 125000.00 11141.20 130000.00 11463.20 135000.00 11785.20 140000.00 12107.20 145000.00 12429.20 150000.00 12751.20 155000.00 13073.20 160000.00 13395.20 165000.00 13588.40 170000.00 13781.60 175000.00 13974.80 180000.00 14168.00 185000.00 14361.20 190000.00 14554.40 195000.00 14747.60 200000.00 14940.80 205000.00 15134.00 210000.00 15327.20 215000.00 15520.40 220000.00 15713.60 225000.00 15906.80 230000.00 16100.00 235000.00 16293.20 240000.00 16486.40 245000.00 16580.063 250000.00 16673.727 255000.00 16767.39 260000.00 16861.053 265000.00 16954.717 270000.00 17048.483 275000.00 17142.147 280000.00 17235.81 285000.00 17329.473 290000.00 17423.137 295000.00 17516.80 300000.00 17610.463 305000.00 17704.127 310000.00 17797.79 315000.00 17891.453 320000.00 17985.117 325000.00 18078.883 330000.00 18172.547 335000.00 18266.21 340000.00 18359.873 345000.00 18453.537 350000.00 18547.20 )
  Nuernberg_Frankfurt ( Nuernberg Frankfurt ) 0.00 0.00 0.00 0.00 ( 80000.00 8140.80 85000.00 8458.80 90000.00 8776.80 95000.00 9094.80 100000.00 9412.80 105000.00 9730.80 110000.00 10048.80 115000.00 10366.80 120000.00 10684.80 125000.00 11002.80 130000.00 11320.80 135000.00 11638.80 140000.00 11956.80 145000.00 12274.80 150000.00 12592.80 155000.00 12910.80 160000.00 13228.80 165000.00 13419.60 170000.00 13610.40 175000.00 13801.20 180000.00 13992.00 185000.00 14182.80 190000.00 14373.60 195000.00 14564.40 200000.00 14755.20 205000.00 14946.00 210000.00 15136.80 215000.00 15327.60 220000.00 15518.40 225000.00 15709.20 230000.00 15900.00 235000.00 16090.80 240000.00 16281.60 245000.00 16374.10 250000.00 16466.60 255000.00 16559.10 260000.00 16651.599 265000.00 16744.099 270000.00 16836.701 275000.00 16929.201 280000.00 17021.70 285000.00 17114.20 290000.00 17206.70 295000.00 17299.20 300000.00 17391.70 305000.00 17484.20 310000.00 17576.70 315000.00 17669.199 320000.00 17761.699 325000.00 17854.301 330000.00 17946.801 335000.00 18039.30 340000.00 18131.80 345000.00 18224.30 350000.00 18316.80 )
  Berlin_Karlsruhe ( Berlin Karlsruhe ) 0.00 0.00 0.00 0.00 ( 80000.00 8356.00 85000.00 8682.406 90000.00 9008.812 95000.00 9335.219 100000.00 9661.625 105000.00 9988.031 110000.00 10314.438 115000.00 10640.844 120000.00 10967.25 125000.00 11293.656 130000.00 11620.062 135000.00 11946.469 140000.00 12272.875 145000.00 12599.281 150000.00 12925.688 155000.00 13252.094 160000.00 13578.50 165000.00 13774.344 170000.00 13970.188 175000.00 14166.031 180000.00 14361.875 185000.00 14557.719 190000.00 14753.562 195000.00 14949.406 200000.00 15145.25 205000.00 15341.094 210000.00 15536.938 215000.00 15732.781 220000.00 15928.625 225000.00 16124.469 230000.00 16320.312 235000.00 16516.156 240000.00 16712.00 245000.00 16806.945 250000.00 16901.89 255000.00 16996.835 260000.00 17091.78 265000.00 17186.725 270000.00 17281.775 275000.00 17376.72 280000.00 17471.665 285000.00 17566.61 290000.00 17661.555 295000.00 17756.50 300000.00 17851.445 305000.00 17946.39 310000.00 18041.335 315000.00 18136.28 320000.00 18231.225 325000.00 18326.275 330000.00 18421.22 335000.00 18516.165 340000.00 18611.11 345000.00 18706.055 350000.00 18801.00 )
  Karlsruhe_Leipzig ( Leipzig Karlsruhe ) 0.00 0.00 0.00 0.00 ( 80000.00 8298.40 85000.00 8622.556 90000.00 8946.712 95000.00 9270.869 100000.00 9595.025 105000.00 9919.181 110000.00 10243.337 115000.00 10567.494 120000.00 10891.65 125000.00 11215.806 130000.00 11539.962 135000.00 11864.119 140000.00 12188.275 145000.00 12512.431 150000.00 12836.587 155000.00 13160.744 160000.00 13484.90 165000.00 13679.394 170000.00 13873.888 175000.00 14068.381 180000.00 14262.875 185000.00 14457.369 190000.00 14651.862 195000.00 14846.356 200000.00 15040.85 205000.00 15235.344 210000.00 15429.837 215000.00 15624.331 220000.00 15818.825 225000.00 16013.319 230000.00 16207.812 235000.00 16402.306 240000.00 16596.80 245000.00 16691.091 250000.00 16785.381 255000.00 16879.672 260000.00 16973.962 265000.00 17068.253 270000.00 17162.647 275000.00 17256.938 280000.00 17351.228 285000.00 17445.519 290000.00 17539.809 295000.00 17634.10 300000.00 17728.391 305000.00 17822.681 310000.00 17916.972 315000.00 18011.262 320000.00 18105.553 325000.00 18199.947 330000.00 18294.238 335000.00 18388.528 340000.00 18482.819 345000.00 18577.109 350000.00 18671.40 )
  Nuernberg_Leipzig ( Leipzig Nuernberg ) 0.00 0.00 0.00 0.00 ( 80000.00 8175.20 85000.00 8494.544 90000.00 8813.888 95000.00 9133.231 100000.00 9452.575 105000.00 9771.919 110000.00 10091.263 115000.00 10410.606 120000.00 10729.95 125000.00 11049.294 130000.00 11368.638 135000.00 11687.981 140000.00 12007.325 145000.00 12326.669 150000.00 12646.013 155000.00 12965.356 160000.00 13284.70 165000.00 13476.306 170000.00 13667.913 175000.00 13859.519 180000.00 14051.125 185000.00 14242.731 190000.00 14434.337 195000.00 14625.944 200000.00 14817.55 205000.00 15009.156 210000.00 15200.763 215000.00 15392.369 220000.00 15583.975 225000.00 15775.581 230000.00 15967.188 235000.00 16158.794 240000.00 16350.40 245000.00 16443.291 250000.00 16536.181 255000.00 16629.072 260000.00 16721.963 265000.00 16814.854 270000.00 16907.846 275000.00 17000.737 280000.00 17093.628 285000.00 17186.519 290000.00 17279.409 295000.00 17372.30 300000.00 17465.191 305000.00 17558.081 310000.00 17650.972 315000.00 17743.863 320000.00 17836.754 325000.00 17929.746 330000.00 18022.637 335000.00 18115.528 340000.00 18208.419 345000.00 18301.309 350000.00 18394.20 )
  Leipzig_Stuttgart ( Leipzig Stuttgart ) 0.00 0.00 0.00 0.00 ( 80000.00 8297.60 85000.00 8621.725 90000.00 8945.85 95000.00 9269.975 100000.00 9594.10 105000.00 9918.225 110000.00 10242.35 115000.00 10566.475 120000.00 10890.60 125000.00 11214.725 130000.00 11538.85 135000.00 11862.975 140000.00 12187.10 145000.00 12511.225 150000.00 12835.35 155000.00 13159.475 160000.00 13483.60 165000.00 13678.075 170000.00 13872.55 175000.00 14067.025 180000.00 14261.50 185000.00 14455.975 190000.00 14650.45 195000.00 14844.925 200000.00 15039.40 205000.00 15233.875 210000.00 15428.35 215000.00 15622.825 220000.00 15817.30 225000.00 16011.775 230000.00 16206.25 235000.00 16400.725 240000.00 16595.20 245000.00 16689.481 250000.00 16783.763 255000.00 16878.044 260000.00 16972.326 265000.00 17066.607 270000.00 17160.993 275000.00 17255.274 280000.00 17349.556 285000.00 17443.837 290000.00 17538.119 295000.00 17632.40 300000.00 17726.681 305000.00 17820.963 310000.00 17915.244 315000.00 18009.526 320000.00 18103.807 325000.00 18198.193 330000.00 18292.474 335000.00 18386.756 340000.00 18481.037 345000.00 18575.319 350000.00 18669.60 )
  Hannover_Leipzig ( Leipzig Hannover ) 0.00 0.00 0.00 0.00 ( 80000.00 8172.80 85000.00 8492.05 90000.00 8811.30 95000.00 9130.55 100000.00 9449.80 105000.00 9769.05 110000.00 10088.30 115000.00 10407.55 120000.00 10726.80 125000.00 11046.05 130000.00 11365.30 135000.00 11684.55 140000.00 12003.80 145000.00 12323.05 150000.00 12642.30 155000.00 12961.55 160000.00 13280.80 165000.00 13472.35 170000.00 13663.90 175000.00 13855.45 180000.00 14047.00 185000.00 14238.55 190000.00 14430.10 195000.00 14621.65 200000.00 14813.20 205000.00 15004.75 210000.00 15196.30 215000.00 15387.85 220000.00 15579.40 225000.00 15770.95 230000.00 15962.50 235000.00 16154.05 240000.00 16345.60 245000.00 16438.463 250000.00 16531.327 255000.00 16624.19 260000.00 16717.054 265000.00 16809.917 270000.00 16902.883 275000.00 16995.746 280000.00 17088.61 285000.00 17181.473 290000.00 17274.337 295000.00 17367.20 300000.00 17460.063 305000.00 17552.927 310000.00 17645.79 315000.00 17738.654 320000.00 17831.517 325000.00 17924.483 330000.00 18017.346 335000.00 18110.21 340000.00 18203.073 345000.00 18295.937 350000.00 18388.80 )
  Hamburg_Leipzig ( Leipzig Hamburg ) 0.00 0.00 0.00 0.00 ( 80000.00 8236.80 85000.00 8558.55 90000.00 8880.30 95000.00 9202.05 100000.00 9523.80 105000.00 9845.55 110000.00 10167.30 115000.00 10489.05 120000.00 10810.80 125000.00 11132.55 130000.00 11454.30 135000.00 11776.05 140000.00 12097.80 145000.00 12419.55 150000.00 12741.30 155000.00 13063.05 160000.00 13384.80 165000.00 13577.85 170000.00 13770.90 175000.00 13963.95 180000.00 14157.00 185000.00 14350.05 190000.00 14543.10 195000.00 14736.15 200000.00 14929.20 205000.00 15122.25 210000.00 15315.30 215000.00 15508.35 220000.00 15701.40 225000.00 15894.45 230000.00 16087.50 235000.00 16280.55 240000.00 16473.60 245000.00 16567.191 250000.00 16660.781 255000.00 16754.372 260000.00 16847.963 265000.00 16941.553 270000.00 17035.247 275000.00 17128.837 280000.00 17222.428 285000.00 17316.019 290000.00 17409.609 295000.00 17503.20 300000.00 17596.791 305000.00 17690.381 310000.00 17783.972 315000.00 17877.563 320000.00 17971.153 325000.00 18064.847 330000.00 18158.437 335000.00 18252.028 340000.00 18345.619 345000.00 18439.209 350000.00 18532.80 )
  Frankfurt_Leipzig ( Leipzig Frankfurt ) 0.00 0.00 0.00 0.00 ( 80000.00 8232.80 85000.00 8554.394 90000.00 8875.987 95000.00 9197.581 100000.00 9519.175 105000.00 9840.769 110000.00 10162.362 115000.00 10483.956 120000.00 10805.55 125000.00 11127.144 130000.00 11448.737 135000.00 11770.331 140000.00 12091.925 145000.00 12413.519 150000.00 12735.112 155000.00 13056.706 160000.00 13378.30 165000.00 13571.256 170000.00 13764.212 175000.00 13957.169 180000.00 14150.125 185000.00 14343.081 190000.00 14536.038 195000.00 14728.994 200000.00 14921.95 205000.00 15114.906 210000.00 15307.862 215000.00 15500.819 220000.00 15693.775 225000.00 15886.731 230000.00 16079.688 235000.00 16272.644 240000.00 16465.60 245000.00 16559.145 250000.00 16652.69 255000.00 16746.236 260000.00 16839.781 265000.00 16933.326 270000.00 17026.974 275000.00 17120.519 280000.00 17214.064 285000.00 17307.61 290000.00 17401.155 295000.00 17494.70 300000.00 17588.245 305000.00 17681.79 310000.00 17775.336 315000.00 17868.881 320000.00 17962.426 325000.00 18056.074 330000.00 18149.619 335000.00 18243.164 340000.00 18336.71 345000.00 18430.255 350000.00 18523.80 )
  Frankfurt_Hamburg ( Hamburg Frankfurt ) 0.00 0.00 0.00 0.00 ( 80000.00 8314.40 85000.00 8639.181 90000.00 8963.962 95000.00 9288.744 100000.00 9613.525 105000.00 9938.306 110000.00 10263.087 115000.00 10587.869 120000.00 10912.65 125000.00 11237.431 130000.00 11562.212 135000.00 11886.994 140000.00 12211.775 145000.00 12536.556 150000.00 12861.337 155000.00 13186.119 160000.00 13510.90 165000.00 13705.769 170000.00 13900.638 175000.00 14095.506 180000.00 14290.375 185000.00 14485.244 190000.00 14680.112 195000.00 14874.981 200000.00 15069.85 205000.00 15264.719 210000.00 15459.587 215000.00 15654.456 220000.00 15849.325 225000.00 16044.194 230000.00 16239.062 235000.00 16433.931 240000.00 16628.80 245000.00 16723.272 250000.00 16817.745 255000.00 16912.217 260000.00 17006.689 265000.00 17101.162 270000.00 17195.738 275000.00 17290.211 280000.00 17384.683 285000.00 17479.155 290000.00 17573.628 295000.00 17668.10 300000.00 17762.572 305000.00 17857.045 310000.00 17951.517 315000.00 18045.989 320000.00 18140.462 325000.00 18235.038 330000.00 18329.511 335000.00 18423.983 340000.00 18518.455 345000.00 18612.928 350000.00 18707.40 )
  Hamburg_Koeln ( Hamburg Koeln ) 0.00 0.00 0.00 0.00 ( 80000.00 8292.00 85000.00 8615.906 90000.00 8939.812 95000.00 9263.719 100000.00 9587.625 105000.00 9911.531 110000.00 10235.438 115000.00 10559.344 120000.00 10883.25 125000.00 11207.156 130000.00 11531.062 135000.00 11854.969 140000.00 12178.875 145000.00 12502.781 150000.00 12826.688 155000.00 13150.594 160000.00 13474.50 165000.00 13668.844 170000.00 13863.188 175000.00 14057.531 180000.00 14251.875 185000.00 14446.219 190000.00 14640.562 195000.00 14834.906 200000.00 15029.25 205000.00 15223.594 210000.00 15417.938 215000.00 15612.281 220000.00 15806.625 225000.00 16000.969 230000.00 16195.312 235000.00 16389.656 240000.00 16584.00 245000.00 16678.218 250000.00 16772.436 255000.00 16866.654 260000.00 16960.871 265000.00 17055.089 270000.00 17149.411 275000.00 17243.629 280000.00 17337.846 285000.00 17432.064 290000.00 17526.282 295000.00 17620.50 300000.00 17714.718 305000.00 17808.936 310000.00 17903.154 315000.00 17997.371 320000.00 18091.589 325000.00 18185.911 330000.00 18280.129 335000.00 18374.346 340000.00 18468.564 345000.00 18562.782 350000.00 18657.00 )
  Hamburg_Hannover ( Hamburg Hannover ) 0.00 0.00 0.00 0.00 ( 80000.00 8106.40 85000.00 8423.056 90000.00 8739.712 95000.00 9056.369 100000.00 9373.025 105000.00 9689.681 110000.00 10006.337 115000.00 10322.994 120000.00 10639.65 125000.00 10956.306 130000.00 11272.962 135000.00 11589.619 140000.00 11906.275 145000.00 12222.931 150000.00 12539.587 155000.00 12856.244 160000.00 13172.90 165000.00 13362.894 170000.00 13552.888 175000.00 13742.881 180000.00 13932.875 185000.00 14122.869 190000.00 14312.862 195000.00 14502.856 200000.00 14692.85 205000.00 14882.844 210000.00 15072.837 215000.00 15262.831 220000.00 15452.825 225000.00 15642.819 230000.00 15832.812 235000.00 16022.806 240000.00 16212.80 245000.00 16304.909 250000.00 16397.018 255000.00 16489.127 260000.00 16581.236 265000.00 16673.345 270000.00 16765.555 275000.00 16857.664 280000.00 16949.773 285000.00 17041.882 290000.00 17133.991 295000.00 17226.10 300000.00 17318.209 305000.00 17410.318 310000.00 17502.427 315000.00 17594.536 320000.00 17686.645 325000.00 17778.855 330000.00 17870.964 335000.00 17963.073 340000.00 18055.182 345000.00 18147.291 350000.00 18239.40 )
  Berlin_Hannover ( Hannover Berlin ) 0.00 0.00 0.00 0.00 ( 80000.00 8194.40 85000.00 8514.494 90000.00 8834.587 95000.00 9154.681 100000.00 9474.775 105000.00 9794.869 110000.00 10114.962 115000.00 10435.056 120000.00 10755.15 125000.00 11075.244 130000.00 11395.337 135000.00 11715.431 140000.00 12035.525 145000.00 12355.619 150000.00 12675.712 155000.00 12995.806 160000.00 13315.90 165000.00 13507.956 170000.00 13700.013 175000.00 13892.069 180000.00 14084.125 185000.00 14276.181 190000.00 14468.237 195000.00 14660.294 200000.00 14852.35 205000.00 15044.406 210000.00 15236.462 215000.00 15428.519 220000.00 15620.575 225000.00 15812.631 230000.00 16004.688 235000.00 16196.744 240000.00 16388.80 245000.00 16481.909 250000.00 16575.018 255000.00 16668.127 260000.00 16761.235 265000.00 16854.344 270000.00 16947.556 275000.00 17040.665 280000.00 17133.773 285000.00 17226.882 290000.00 17319.991 295000.00 17413.10 300000.00 17506.209 305000.00 17599.318 310000.00 17692.427 315000.00 17785.535 320000.00 17878.644 325000.00 17971.856 330000.00 18064.965 335000.00 18158.073 340000.00 18251.182 345000.00 18344.291 350000.00 18437.40 )
  Nuernberg_Hannover ( Hannover Nuernberg ) 0.00 0.00 0.00 0.00 ( 80000.00 8260.00 85000.00 8582.656 90000.00 8905.312 95000.00 9227.969 100000.00 9550.625 105000.00 9873.281 110000.00 10195.938 115000.00 10518.594 120000.00 10841.25 125000.00 11163.906 130000.00 11486.562 135000.00 11809.219 140000.00 12131.875 145000.00 12454.531 150000.00 12777.188 155000.00 13099.844 160000.00 13422.50 165000.00 13616.094 170000.00 13809.688 175000.00 14003.281 180000.00 14196.875 185000.00 14390.469 190000.00 14584.062 195000.00 14777.656 200000.00 14971.25 205000.00 15164.844 210000.00 15358.438 215000.00 15552.031 220000.00 15745.625 225000.00 15939.219 230000.00 16132.812 235000.00 16326.406 240000.00 16520.00 245000.00 16613.854 250000.00 16707.709 255000.00 16801.563 260000.00 16895.417 265000.00 16989.271 270000.00 17083.229 275000.00 17177.083 280000.00 17270.937 285000.00 17364.791 290000.00 17458.646 295000.00 17552.50 300000.00 17646.354 305000.00 17740.209 310000.00 17834.063 315000.00 17927.917 320000.00 18021.771 325000.00 18115.729 330000.00 18209.583 335000.00 18303.437 340000.00 18397.291 345000.00 18491.146 350000.00 18585.00 )
  Hannover_Muenchen ( Hannover Muenchen ) 0.00 0.00 0.00 0.00 ( 80000.00 8382.40 85000.00 8709.837 90000.00 9037.275 95000.00 9364.712 100000.00 9692.15 105000.00 10019.587 110000.00 10347.025 115000.00 10674.462 120000.00 11001.90 125000.00 11329.337 130000.00 11656.775 135000.00 11984.212 140000.00 12311.65 145000.00 12639.087 150000.00 12966.525 155000.00 13293.962 160000.00 13621.40 165000.00 13817.862 170000.00 14014.325 175000.00 14210.788 180000.00 14407.25 185000.00 14603.712 190000.00 14800.175 195000.00 14996.638 200000.00 15193.10 205000.00 15389.562 210000.00 15586.025 215000.00 15782.487 220000.00 15978.95 225000.00 16175.413 230000.00 16371.875 235000.00 16568.338 240000.00 16764.80 245000.00 16860.045 250000.00 16955.29 255000.00 17050.535 260000.00 17145.78 265000.00 17241.025 270000.00 17336.375 275000.00 17431.62 280000.00 17526.865 285000.00 17622.11 290000.00 17717.355 295000.00 17812.60 300000.00 17907.845 305000.00 18003.09 310000.00 18098.335 315000.00 18193.58 320000.00 18288.825 325000.00 18384.175 330000.00 18479.42 335000.00 18574.665 340000.00 18669.91 345000.00 18765.155 350000.00 18860.40 )
  Hannover_Stuttgart ( Hannover Stuttgart ) 0.00 0.00 0.00 0.00 ( 80000.00 8325.60 85000.00 8650.819 90000.00 8976.038 95000.00 9301.256 100000.00 9626.475 105000.00 9951.694 110000.00 10276.913 115000.00 10602.131 120000.00 10927.35 125000.00 11252.569 130000.00 11577.788 135000.00 11903.006 140000.00 12228.225 145000.00 12553.444 150000.00 12878.663 155000.00 13203.881 160000.00 13529.10 165000.00 13724.231 170000.00 13919.362 175000.00 14114.494 180000.00 14309.625 185000.00 14504.756 190000.00 14699.888 195000.00 14895.019 200000.00 15090.15 205000.00 15285.281 210000.00 15480.413 215000.00 15675.544 220000.00 15870.675 225000.00 16065.806 230000.00 16260.938 235000.00 16456.069 240000.00 16651.20 245000.00 16745.80 250000.00 16840.399 255000.00 16934.999 260000.00 17029.599 265000.00 17124.198 270000.00 17218.902 275000.00 17313.501 280000.00 17408.101 285000.00 17502.701 290000.00 17597.30 295000.00 17691.90 300000.00 17786.50 305000.00 17881.099 310000.00 17975.699 315000.00 18070.299 320000.00 18164.898 325000.00 18259.602 330000.00 18354.201 335000.00 18448.801 340000.00 18543.401 345000.00 18638.00 350000.00 18732.60 )
  Frankfurt_Stuttgart ( Stuttgart Frankfurt ) 0.00 0.00 0.00 0.00 ( 80000.00 8124.80 85000.00 8442.175 90000.00 8759.55 95000.00 9076.925 100000.00 9394.30 105000.00 9711.675 110000.00 10029.05 115000.00 10346.425 120000.00 10663.80 125000.00 10981.175 130000.00 11298.55 135000.00 11615.925 140000.00 11933.30 145000.00 12250.675 150000.00 12568.05 155000.00 12885.425 160000.00 13202.80 165000.00 13393.225 170000.00 13583.65 175000.00 13774.075 180000.00 13964.50 185000.00 14154.925 190000.00 14345.35 195000.00 14535.775 200000.00 14726.20 205000.00 14916.625 210000.00 15107.05 215000.00 15297.475 220000.00 15487.90 225000.00 15678.325 230000.00 15868.75 235000.00 16059.175 240000.00 16249.60 245000.00 16341.918 250000.00 16434.236 255000.00 16526.554 260000.00 16618.872 265000.00 16711.19 270000.00 16803.61 275000.00 16895.928 280000.00 16988.246 285000.00 17080.564 290000.00 17172.882 295000.00 17265.20 300000.00 17357.518 305000.00 17449.836 310000.00 17542.154 315000.00 17634.472 320000.00 17726.79 325000.00 17819.21 330000.00 17911.528 335000.00 18003.846 340000.00 18096.164 345000.00 18188.482 350000.00 18280.80 )
  Berlin_Stuttgart ( Stuttgart Berlin ) 0.00 0.00 0.00 0.00 ( 80000.00 8406.40 85000.00 8734.775 90000.00 9063.15 95000.00 9391.525 100000.00 9719.90 105000.00 10048.275 110000.00 10376.65 115000.00 10705.025 120000.00 11033.40 125000.00 11361.775 130000.00 11690.15 135000.00 12018.525 140000.00 12346.90 145000.00 12675.275 150000.00 13003.65 155000.00 13332.025 160000.00 13660.40 165000.00 13857.425 170000.00 14054.45 175000.00 14251.475 180000.00 14448.50 185000.00 14645.525 190000.00 14842.55 195000.00 15039.575 200000.00 15236.60 205000.00 15433.625 210000.00 15630.65 215000.00 15827.675 220000.00 16024.70 225000.00 16221.725 230000.00 16418.75 235000.00 16615.775 240000.00 16812.80 245000.00 16908.318 250000.00 17003.835 255000.00 17099.353 260000.00 17194.871 265000.00 17290.389 270000.00 17386.011 275000.00 17481.529 280000.00 17577.047 285000.00 17672.565 290000.00 17768.082 295000.00 17863.60 300000.00 17959.118 305000.00 18054.635 310000.00 18150.153 315000.00 18245.671 320000.00 18341.189 325000.00 18436.811 330000.00 18532.329 335000.00 18627.847 340000.00 18723.365 345000.00 18818.882 350000.00 18914.40 )
  Muenchen_Stuttgart ( Stuttgart Muenchen ) 0.00 0.00 0.00 0.00 ( 80000.00 8158.40 85000.00 8477.087 90000.00 8795.775 95000.00 9114.462 100000.00 9433.15 105000.00 9751.837 110000.00 10070.525 115000.00 10389.212 120000.00 10707.90 125000.00 11026.587 130000.00 11345.275 135000.00 11663.962 140000.00 11982.65 145000.00 12301.337 150000.00 12620.025 155000.00 12938.712 160000.00 13257.40 165000.00 13448.612 170000.00 13639.825 175000.00 13831.038 180000.00 14022.25 185000.00 14213.462 190000.00 14404.675 195000.00 14595.888 200000.00 14787.10 205000.00 14978.312 210000.00 15169.525 215000.00 15360.737 220000.00 15551.95 225000.00 15743.163 230000.00 15934.375 235000.00 16125.587 240000.00 16316.80 245000.00 16409.50 250000.00 16502.20 255000.00 16594.899 260000.00 16687.599 265000.00 16780.299 270000.00 16873.101 275000.00 16965.801 280000.00 17058.501 285000.00 17151.20 290000.00 17243.90 295000.00 17336.60 300000.00 17429.30 305000.00 17522.00 310000.00 17614.699 315000.00 17707.399 320000.00 17800.099 325000.00 17892.901 330000.00 17985.601 335000.00 18078.301 340000.00 18171.00 345000.00 18263.70 350000.00 18356.40 )
  Frankfurt_Muenchen ( Muenchen Frankfurt ) 0.00 0.00 0.00 0.00 ( 80000.00 8237.60 85000.00 8559.381 90000.00 8881.163 95000.00 9202.944 100000.00 9524.725 105000.00 9846.506 110000.00 10168.288 115000.00 10490.069 120000.00 10811.85 125000.00 11133.631 130000.00 11455.413 135000.00 11777.194 140000.00 12098.975 145000.00 12420.756 150000.00 12742.538 155000.00 13064.319 160000.00 13386.10 165000.00 13579.169 170000.00 13772.237 175000.00 13965.306 180000.00 14158.375 185000.00 14351.444 190000.00 14544.513 195000.00 14737.581 200000.00 14930.65 205000.00 15123.719 210000.00 15316.788 215000.00 15509.856 220000.00 15702.925 225000.00 15895.994 230000.00 16089.062 235000.00 16282.131 240000.00 16475.20 245000.00 16568.80 250000.00 16662.399 255000.00 16755.999 260000.00 16849.599 265000.00 16943.199 270000.00 17036.901 275000.00 17130.501 280000.00 17224.101 285000.00 17317.701 290000.00 17411.30 295000.00 17504.90 300000.00 17598.50 305000.00 17692.099 310000.00 17785.699 315000.00 17879.299 320000.00 17972.899 325000.00 18066.601 330000.00 18160.201 335000.00 18253.801 340000.00 18347.401 345000.00 18441.00 350000.00 18534.60 )
  Koeln_Muenchen ( Muenchen Koeln ) 0.00 0.00 0.00 0.00 ( 80000.00 8341.60 85000.00 8667.444 90000.00 8993.288 95000.00 9319.131 100000.00 9644.975 105000.00 9970.819 110000.00 10296.663 115000.00 10622.506 120000.00 10948.35 125000.00 11274.194 130000.00 11600.038 135000.00 11925.881 140000.00 12251.725 145000.00 12577.569 150000.00 12903.413 155000.00 13229.256 160000.00 13555.10 165000.00 13750.606 170000.00 13946.112 175000.00 14141.619 180000.00 14337.125 185000.00 14532.631 190000.00 14728.138 195000.00 14923.644 200000.00 15119.15 205000.00 15314.656 210000.00 15510.163 215000.00 15705.669 220000.00 15901.175 225000.00 16096.681 230000.00 16292.188 235000.00 16487.694 240000.00 16683.20 245000.00 16777.981 250000.00 16872.763 255000.00 16967.544 260000.00 17062.326 265000.00 17157.107 270000.00 17251.993 275000.00 17346.774 280000.00 17441.556 285000.00 17536.337 290000.00 17631.119 295000.00 17725.90 300000.00 17820.681 305000.00 17915.463 310000.00 18010.244 315000.00 18105.026 320000.00 18199.807 325000.00 18294.693 330000.00 18389.474 335000.00 18484.256 340000.00 18579.037 345000.00 18673.819 350000.00 18768.60 )
  Frankfurt_Koeln ( Koeln Frankfurt ) 0.00 0.00 0.00 0.00 ( 80000.00 8104.80 85000.00 8421.394 90000.00 8737.987 95000.00 9054.581 100000.00 9371.175 105000.00 9687.769 110000.00 10004.362 115000.00 10320.956 120000.00 10637.55 125000.00 10954.144 130000.00 11270.737 135000.00 11587.331 140000.00 11903.925 145000.00 12220.519 150000.00 12537.112 155000.00 12853.706 160000.00 13170.30 165000.00 13360.256 170000.00 13550.212 175000.00 13740.169 180000.00 13930.125 185000.00 14120.081 190000.00 14310.038 195000.00 14499.994 200000.00 14689.95 205000.00 14879.906 210000.00 15069.862 215000.00 15259.819 220000.00 15449.775 225000.00 15639.731 230000.00 15829.688 235000.00 16019.644 240000.00 16209.60 245000.00 16301.691 250000.00 16393.782 255000.00 16485.872 260000.00 16577.963 265000.00 16670.054 270000.00 16762.246 275000.00 16854.337 280000.00 16946.428 285000.00 17038.518 290000.00 17130.609 295000.00 17222.70 300000.00 17314.791 305000.00 17406.882 310000.00 17498.972 315000.00 17591.063 320000.00 17683.154 325000.00 17775.346 330000.00 17867.437 335000.00 17959.528 340000.00 18051.618 345000.00 18143.709 350000.00 18235.80 )
  Karlsruhe_Koeln ( Koeln Karlsruhe ) 0.00 0.00 0.00 0.00 ( 80000.00 8063.20 85000.00 8378.169 90000.00 8693.138 95000.00 9008.106 100000.00 9323.075 105000.00 9638.044 110000.00 9953.013 115000.00 10267.981 120000.00 10582.95 125000.00 10897.919 130000.00 11212.888 135000.00 11527.856 140000.00 11842.825 145000.00 12157.794 150000.00 12472.763 155000.00 12787.731 160000.00 13102.70 165000.00 13291.681 170000.00 13480.663 175000.00 13669.644 180000.00 13858.625 185000.00 14047.606 190000.00 14236.587 195000.00 14425.569 200000.00 14614.55 205000.00 14803.531 210000.00 14992.513 215000.00 15181.494 220000.00 15370.475 225000.00 15559.456 230000.00 15748.438 235000.00 15937.419 240000.00 16126.40 245000.00 16218.018 250000.00 16309.636 255000.00 16401.254 260000.00 16492.872 265000.00 16584.491 270000.00 16676.209 275000.00 16767.828 280000.00 16859.446 285000.00 16951.064 290000.00 17042.682 295000.00 17134.30 300000.00 17225.918 305000.00 17317.536 310000.00 17409.154 315000.00 17500.772 320000.00 17592.391 325000.00 17684.109 330000.00 17775.728 335000.00 17867.346 340000.00 17958.964 345000.00 18050.582 350000.00 18142.20 )
  Berlin_Koeln ( Koeln Berlin ) 0.00 0.00 0.00 0.00 ( 80000.00 8368.80 85000.00 8695.706 90000.00 9022.612 95000.00 9349.519 100000.00 9676.425 105000.00 10003.331 110000.00 10330.237 115000.00 10657.144 120000.00 10984.05 125000.00 11310.956 130000.00 11637.862 135000.00 11964.769 140000.00 12291.675 145000.00 12618.581 150000.00 12945.487 155000.00 13272.394 160000.00 13599.30 165000.00 13795.444 170000.00 13991.587 175000.00 14187.731 180000.00 14383.875 185000.00 14580.019 190000.00 14776.163 195000.00 14972.306 200000.00 15168.45 205000.00 15364.594 210000.00 15560.737 215000.00 15756.881 220000.00 15953.025 225000.00 16149.169 230000.00 16345.312 235000.00 16541.456 240000.00 16737.60 245000.00 16832.69 250000.00 16927.781 255000.00 17022.871 260000.00 17117.962 265000.00 17213.052 270000.00 17308.248 275000.00 17403.338 280000.00 17498.429 285000.00 17593.519 290000.00 17688.61 295000.00 17783.70 300000.00 17878.79 305000.00 17973.881 310000.00 18068.971 315000.00 18164.062 320000.00 18259.152 325000.00 18354.348 330000.00 18449.438 335000.00 18544.529 340000.00 18639.619 345000.00 18734.71 350000.00 18829.80 )
  Nuernberg_Karlsruhe ( Nuernberg Karlsruhe ) 0.00 0.00 0.00 0.00 ( 80000.00 8283.20 85000.00 8606.763 90000.00 8930.325 95000.00 9253.888 100000.00 9577.45 105000.00 9901.013 110000.00 10224.575 115000.00 10548.138 120000.00 10871.70 125000.00 11195.263 130000.00 11518.825 135000.00 11842.388 140000.00 12165.95 145000.00 12489.513 150000.00 12813.075 155000.00 13136.638 160000.00 13460.20 165000.00 13654.337 170000.00 13848.475 175000.00 14042.612 180000.00 14236.75 185000.00 14430.888 190000.00 14625.025 195000.00 14819.163 200000.00 15013.30 205000.00 15207.438 210000.00 15401.575 215000.00 15595.712 220000.00 15789.85 225000.00 15983.987 230000.00 16178.125 235000.00 16372.263 240000.00 16566.40 245000.00 16660.518 250000.00 16754.636 255000.00 16848.754 260000.00 16942.871 265000.00 17036.989 270000.00 17131.211 275000.00 17225.329 280000.00 17319.446 285000.00 17413.564 290000.00 17507.682 295000.00 17601.80 300000.00 17695.918 305000.00 17790.036 310000.00 17884.154 315000.00 17978.271 320000.00 18072.389 325000.00 18166.611 330000.00 18260.729 335000.00 18354.846 340000.00 18448.964 345000.00 18543.082 350000.00 18637.20 )
  Berlin_Nuernberg ( Nuernberg Berlin ) 0.00 0.00 0.00 0.00 ( 80000.00 8286.40 85000.00 8610.087 90000.00 8933.775 95000.00 9257.462 100000.00 9581.15 105000.00 9904.837 110000.00 10228.525 115000.00 10552.212 120000.00 10875.90 125000.00 11199.587 130000.00 11523.275 135000.00 11846.962 140000.00 12170.65 145000.00 12494.337 150000.00 12818.025 155000.00 13141.712 160000.00 13465.40 165000.00 13659.612 170000.00 13853.825 175000.00 14048.038 180000.00 14242.25 185000.00 14436.462 190000.00 14630.675 195000.00 14824.888 200000.00 15019.10 205000.00 15213.312 210000.00 15407.525 215000.00 15601.737 220000.00 15795.95 225000.00 15990.163 230000.00 16184.375 235000.00 16378.587 240000.00 16572.80 245000.00 16666.954 250000.00 16761.108 255000.00 16855.263 260000.00 16949.417 265000.00 17043.571 270000.00 17137.829 275000.00 17231.983 280000.00 17326.137 285000.00 17420.292 290000.00 17514.446 295000.00 17608.60 300000.00 17702.754 305000.00 17796.908 310000.00 17891.063 315000.00 17985.217 320000.00 18079.371 325000.00 18173.629 330000.00 18267.783 335000.00 18361.937 340000.00 18456.092 345000.00 18550.246 350000.00 18644.40 )
  Berlin_Frankfurt ( Berlin Frankfurt ) 0.00 0.00 0.00 0.00 ( 80000.00 8328.80 85000.00 8654.144 90000.00 8979.487 95000.00 9304.831 100000.00 9630.175 105000.00 9955.519 110000.00 10280.862 115000.00 10606.206 120000.00 10931.55 125000.00 11256.894 130000.00 11582.237 135000.00 11907.581 140000.00 12232.925 145000.00 12558.269 150000.00 12883.612 155000.00 13208.956 160000.00 13534.30 165000.00 13729.506 170000.00 13924.712 175000.00 14119.919 180000.00 14315.125 185000.00 14510.331 190000.00 14705.538 195000.00 14900.744 200000.00 15095.95 205000.00 15291.156 210000.00 15486.362 215000.00 15681.569 220000.00 15876.775 225000.00 16071.981 230000.00 16267.188 235000.00 16462.394 240000.00 16657.60 245000.00 16752.236 250000.00 16846.872 255000.00 16941.508 260000.00 17036.144 265000.00 17130.78 270000.00 17225.52 275000.00 17320.156 280000.00 17414.792 285000.00 17509.428 290000.00 17604.064 295000.00 17698.70 300000.00 17793.336 305000.00 17887.972 310000.00 17982.608 315000.00 18077.244 320000.00 18171.88 325000.00 18266.62 330000.00 18361.256 335000.00 18455.892 340000.00 18550.528 345000.00 18645.164 350000.00 18739.80 )
  Karlsruhe_Frankfurt ( Karlsruhe Frankfurt ) 0.00 0.00 0.00 0.00 ( 80000.00 8154.40 85000.00 8472.931 90000.00 8791.462 95000.00 9109.994 100000.00 9428.525 105000.00 9747.056 110000.00 10065.587 115000.00 10384.119 120000.00 10702.65 125000.00 11021.181 130000.00 11339.712 135000.00 11658.244 140000.00 11976.775 145000.00 12295.306 150000.00 12613.837 155000.00 12932.369 160000.00 13250.90 165000.00 13442.019 170000.00 13633.138 175000.00 13824.256 180000.00 14015.375 185000.00 14206.494 190000.00 14397.612 195000.00 14588.731 200000.00 14779.85 205000.00 14970.969 210000.00 15162.087 215000.00 15353.206 220000.00 15544.325 225000.00 15735.444 230000.00 15926.562 235000.00 16117.681 240000.00 16308.80 245000.00 16401.454 250000.00 16494.109 255000.00 16586.763 260000.00 16679.417 265000.00 16772.072 270000.00 16864.828 275000.00 16957.483 280000.00 17050.137 285000.00 17142.791 290000.00 17235.446 295000.00 17328.10 300000.00 17420.754 305000.00 17513.409 310000.00 17606.063 315000.00 17698.717 320000.00 17791.372 325000.00 17884.128 330000.00 17976.783 335000.00 18069.437 340000.00 18162.091 345000.00 18254.746 350000.00 18347.40 )
)

# DEMAND SECTION
#
# <demand_id> ( <source> <target> ) <routing_unit> <demand_value> <max_path_length>

DEMANDS (
  D016 ( Frankfurt Koeln ) 1 55916.00 UNLIMITED
  D018 ( Frankfurt Muenchen ) 1 19869.00 UNLIMITED
  D019 ( Frankfurt Nuernberg ) 1 19601.00 UNLIMITED
  D011 ( Frankfurt Berlin ) 1 18493.00 UNLIMITED
  D072 ( Muenchen Frankfurt ) 1 15109.00 UNLIMITED
  D032 ( Hannover Frankfurt ) 1 14325.00 UNLIMITED
  D062 ( Leipzig Frankfurt ) 1 14242.00 UNLIMITED
  D022 ( Hamburg Frankfurt ) 1 12719.00 UNLIMITED
  D002 ( Berlin Frankfurt ) 1 12468.00 UNLIMITED
  D082 ( Nuernberg Frankfurt ) 1 9969.00 UNLIMITED
  D088 ( Nuernberg Muenchen ) 1 9583.00 UNLIMITED
  D015 ( Frankfurt Karlsruhe ) 1 34354.00 UNLIMITED
  D087 ( Nuernberg Leipzig ) 1 8862.00 UNLIMITED
  D095 ( Stuttgart Karlsruhe ) 1 7224.00 UNLIMITED
  D098 ( Stuttgart Muenchen ) 1 5551.00 UNLIMITED
  D046 ( Karlsruhe Koeln ) 1 4777.00 UNLIMITED
  D053 ( Koeln Hamburg ) 1 4504.00 UNLIMITED
  D055 ( Koeln Karlsruhe ) 1 4333.00 UNLIMITED
  D054 ( Koeln Hannover ) 1 3998.00 UNLIMITED
  D036 ( Hannover Koeln ) 1 3777.00 UNLIMITED
  D096 ( Stuttgart Koeln ) 1 3669.00 UNLIMITED
  D076 ( Muenchen Koeln ) 1 3489.00 UNLIMITED
  D014 ( Frankfurt Hannover ) 1 29648.00 UNLIMITED
  D058 ( Koeln Muenchen ) 1 3246.00 UNLIMITED
  D079 ( Muenchen Nuernberg ) 1 3210.00 UNLIMITED
  D061 ( Leipzig Berlin ) 1 3114.00 UNLIMITED
  D057 ( Koeln Leipzig ) 1 3000.00 UNLIMITED
  D043 ( Karlsruhe Hamburg ) 1 2941.00 UNLIMITED
  D060 ( Koeln Stuttgart ) 1 2836.00 UNLIMITED
  D050 ( Karlsruhe Stuttgart ) 1 2802.00 UNLIMITED
  D006 ( Berlin Koeln ) 1 2792.00 UNLIMITED
  D051 ( Koeln Berlin ) 1 2624.00 UNLIMITED
  D026 ( Hamburg Koeln ) 1 2555.00 UNLIMITED
  D042 ( Karlsruhe Frankfurt ) 1 28809.00 UNLIMITED
  D024 ( Hamburg Hannover ) 1 2338.00 UNLIMITED
  D059 ( Koeln Nuernberg ) 1 2157.00 UNLIMITED
  D097 ( Stuttgart Leipzig ) 1 1990.00 UNLIMITED
  D085 ( Nuernberg Karlsruhe ) 1 1955.00 UNLIMITED
  D075 ( Muenchen Karlsruhe ) 1 1938.00 UNLIMITED
  D044 ( Karlsruhe Hannover ) 1 1913.00 UNLIMITED
  D074 ( Muenchen Hannover ) 1 1888.00 UNLIMITED
  D094 ( Stuttgart Hannover ) 1 1849.00 UNLIMITED
  D048 ( Karlsruhe Muenchen ) 1 1844.00 UNLIMITED
  D004 ( Berlin Hannover ) 1 1820.00 UNLIMITED
  D052 ( Koeln Frankfurt ) 1 26364.00 UNLIMITED
  D066 ( Leipzig Koeln ) 1 1801.00 UNLIMITED
  D080 ( Muenchen Stuttgart ) 1 1786.00 UNLIMITED
  D047 ( Karlsruhe Leipzig ) 1 1745.00 UNLIMITED
  D049 ( Karlsruhe Nuernberg ) 1 1736.00 UNLIMITED
  D007 ( Berlin Leipzig ) 1 1719.00 UNLIMITED
  D041 ( Karlsruhe Berlin ) 1 1718.00 UNLIMITED
  D035 ( Hannover Karlsruhe ) 1 1657.00 UNLIMITED
  D077 ( Muenchen Leipzig ) 1 1444.00 UNLIMITED
  D038 ( Hannover Muenchen ) 1 1441.00 UNLIMITED
  D005 ( Berlin Karlsruhe ) 1 1312.00 UNLIMITED
  D013 ( Frankfurt Hamburg ) 1 24021.00 UNLIMITED
  D086 ( Nuernberg Koeln ) 1 1310.00 UNLIMITED
  D071 ( Muenchen Berlin ) 1 1248.00 UNLIMITED
  D008 ( Berlin Muenchen ) 1 1229.00 UNLIMITED
  D003 ( Berlin Hamburg ) 1 1201.00 UNLIMITED
  D037 ( Hannover Leipzig ) 1 1160.00 UNLIMITED
  D065 ( Leipzig Karlsruhe ) 1 1107.00 UNLIMITED
  D040 ( Hannover Stuttgart ) 1 1099.00 UNLIMITED
  D091 ( Stuttgart Berlin ) 1 1067.00 UNLIMITED
  D033 ( Hannover Hamburg ) 1 1038.00 UNLIMITED
  D031 ( Hannover Berlin ) 1 978.00 UNLIMITED
  D020 ( Frankfurt Stuttgart ) 1 22258.00 UNLIMITED
  D025 ( Hamburg Karlsruhe ) 1 937.00 UNLIMITED
  D064 ( Leipzig Hannover ) 1 931.00 UNLIMITED
  D073 ( Muenchen Hamburg ) 1 877.00 UNLIMITED
  D093 ( Stuttgart Hamburg ) 1 833.00 UNLIMITED
  D010 ( Berlin Stuttgart ) 1 801.00 UNLIMITED
  D099 ( Stuttgart Nuernberg ) 1 799.00 UNLIMITED
  D068 ( Leipzig Muenchen ) 1 752.00 UNLIMITED
  D070 ( Leipzig Stuttgart ) 1 701.00 UNLIMITED
  D084 ( Nuernberg Hannover ) 1 699.00 UNLIMITED
  D009 ( Berlin Nuernberg ) 1 698.00 UNLIMITED
  D017 ( Frankfurt Leipzig ) 1 21108.00 UNLIMITED
  D039 ( Hannover Nuernberg ) 1 660.00 UNLIMITED
  D069 ( Leipzig Nuernberg ) 1 638.00 UNLIMITED
  D028 ( Hamburg Muenchen ) 1 581.00 UNLIMITED
  D063 ( Leipzig Hamburg ) 1 494.00 UNLIMITED
  D090 ( Nuernberg Stuttgart ) 1 488.00 UNLIMITED
  D021 ( Hamburg Berlin ) 1 484.00 UNLIMITED
  D081 ( Nuernberg Berlin ) 1 431.00 UNLIMITED
  D027 ( Hamburg Leipzig ) 1 304.00 UNLIMITED
  D030 ( Hamburg Stuttgart ) 1 289.00 UNLIMITED
  D083 ( Nuernberg Hamburg ) 1 144.00 UNLIMITED
  D092 ( Stuttgart Frankfurt ) 1 20073.00 UNLIMITED
  D029 ( Hamburg Nuernberg ) 1 126.00 UNLIMITED
)

# ADMISSIBLE PATHS SECTION
#
# <demand_id> ( {<path_id> ( <link_id>+ )}+ )

ADMISSIBLE_PATHS ( 
)