?SNDlib native format; type: network; version: 1.0
# network nobel-us

# NODE SECTION
#
# <node_id> [(<longitude>, <latitude>)]

NODES (
  Palo-Alto ( -122.07 37.25 )
  San-Diego ( -117.08 32.42 )
  Boulder ( -105.16 40.00 )
  Washington ( -77.02 38.52 )
  Atlanta ( -84.23 33.44 )
  Urbana-Champaign ( -88.14 40.06 )
  Ann-Arbor ( -83.43 42.16 )
  Lincoln ( -96.42 40.47 )
  Princeton ( -74.39 40.21 )
  Ithaca ( -76.30 42.26 )
  Pittsburgh ( -79.58 40.26 )
  Houston ( -95.21 29.45 )
  Salt-Lake-City ( -111.55 40.39 )
  Seattle ( -122.24 47.33 )
)

# LINK SECTION
#
# <link_id> ( <source> <target> ) <pre_installed_capacity> <pre_installed_capacity_cost> <routing_cost> <setup_cost> ( {<module_capacity> <module_cost>}* )

LINKS (
  L1 ( Palo-Alto San-Diego ) 0.00 0.00 0.00 0.00 ( 20.00 6590.00 40.00 7590.00 60.00 14180.00 80.00 15180.00 100.00 21770.00 120.00 22770.00 140.00 29360.00 160.00 30360.00 180.00 36950.00 200.00 37950.00 220.00 44540.00 240.00 45540.00 260.00 52130.00 280.00 53130.00 300.00 59720.00 320.00 60720.00 340.00 67310.00 360.00 68310.00 380.00 74900.00 400.00 75900.00 420.00 82490.00 440.00 83490.00 460.00 90080.00 480.00 91080.00 500.00 97670.00 520.00 98670.00 540.00 105260.00 560.00 106260.00 580.00 112850.00 600.00 113850.00 620.00 120440.00 640.00 121440.00 660.00 128030.00 680.00 129030.00 700.00 135620.00 720.00 136620.00 740.00 143210.00 760.00 144210.00 780.00 150800.00 800.00 151800.00 )
  L2 ( Palo-Alto Salt-Lake-City ) 0.00 0.00 0.00 0.00 ( 20.00 8310.00 40.00 9310.00 60.00 17620.00 80.00 18620.00 100.00 26930.00 120.00 27930.00 140.00 36240.00 160.00 37240.00 180.00 45550.00 200.00 46550.00 220.00 54860.00 240.00 55860.00 260.00 64170.00 280.00 65170.00 300.00 73480.00 320.00 74480.00 340.00 82790.00 360.00 83790.00 380.00 92100.00 400.00 93100.00 420.00 101410.00 440.00 102410.00 460.00 110720.00 480.00 111720.00 500.00 120030.00 520.00 121030.00 540.00 129340.00 560.00 130340.00 580.00 138650.00 600.00 139650.00 620.00 147960.00 640.00 148960.00 660.00 157270.00 680.00 158270.00 700.00 166580.00 720.00 167580.00 740.00 175890.00 760.00 176890.00 780.00 185200.00 800.00 186200.00 )
  L3 ( Palo-Alto Seattle ) 0.00 0.00 0.00 0.00 ( 20.00 9170.00 40.00 10170.00 60.00 19340.00 80.00 20340.00 100.00 29510.00 120.00 30510.00 140.00 39680.00 160.00 40680.00 180.00 49850.00 200.00 50850.00 220.00 60020.00 240.00 61020.00 260.00 70190.00 280.00 71190.00 300.00 80360.00 320.00 81360.00 340.00 90530.00 360.00 91530.00 380.00 100700.00 400.00 101700.00 420.00 110870.00 440.00 111870.00 460.00 121040.00 480.00 122040.00 500.00 131210.00 520.00 132210.00 540.00 141380.00 560.00 142380.00 580.00 151550.00 600.00 152550.00 620.00 161720.00 640.00 162720.00 660.00 171890.00 680.00 172890.00 700.00 182060.00 720.00 183060.00 740.00 192230.00 760.00 193230.00 780.00 202400.00 800.00 203400.00 )
  L4 ( San-Diego Houston ) 0.00 0.00 0.00 0.00 ( 20.00 15620.00 40.00 16620.00 60.00 32240.00 80.00 33240.00 100.00 48860.00 120.00 49860.00 140.00 65480.00 160.00 66480.00 180.00 82100.00 200.00 83100.00 220.00 98720.00 240.00 99720.00 260.00 115340.00 280.00 116340.00 300.00 131960.00 320.00 132960.00 340.00 148580.00 360.00 149580.00 380.00 165200.00 400.00 166200.00 420.00 181820.00 440.00 182820.00 460.00 198440.00 480.00 199440.00 500.00 215060.00 520.00 216060.00 540.00 231680.00 560.00 232680.00 580.00 248300.00 600.00 249300.00 620.00 264920.00 640.00 265920.00 660.00 281540.00 680.00 282540.00 700.00 298160.00 720.00 299160.00 740.00 314780.00 760.00 315780.00 780.00 331400.00 800.00 332400.00 )
  L5 ( San-Diego Seattle ) 0.00 0.00 0.00 0.00 ( 20.00 13040.00 40.00 14040.00 60.00 27080.00 80.00 28080.00 100.00 41120.00 120.00 42120.00 140.00 55160.00 160.00 56160.00 180.00 69200.00 200.00 70200.00 220.00 83240.00 240.00 84240.00 260.00 97280.00 280.00 98280.00 300.00 111320.00 320.00 112320.00 340.00 125360.00 360.00 126360.00 380.00 139400.00 400.00 140400.00 420.00 153440.00 440.00 154440.00 460.00 167480.00 480.00 168480.00 500.00 181520.00 520.00 182520.00 540.00 195560.00 560.00 196560.00 580.00 209600.00 600.00 210600.00 620.00 223640.00 640.00 224640.00 660.00 237680.00 680.00 238680.00 700.00 251720.00 720.00 252720.00 740.00 265760.00 760.00 266760.00 780.00 279800.00 800.00 280800.00 )
  L6 ( Boulder Lincoln ) 0.00 0.00 0.00 0.00 ( 20.00 6590.00 40.00 7590.00 60.00 14180.00 80.00 15180.00 100.00 21770.00 120.00 22770.00 140.00 29360.00 160.00 30360.00 180.00 36950.00 200.00 37950.00 220.00 44540.00 240.00 45540.00 260.00 52130.00 280.00 53130.00 300.00 59720.00 320.00 60720.00 340.00 67310.00 360.00 68310.00 380.00 74900.00 400.00 75900.00 420.00 82490.00 440.00 83490.00 460.00 90080.00 480.00 91080.00 500.00 97670.00 520.00 98670.00 540.00 105260.00 560.00 106260.00 580.00 112850.00 600.00 113850.00 620.00 120440.00 640.00 121440.00 660.00 128030.00 680.00 129030.00 700.00 135620.00 720.00 136620.00 740.00 143210.00 760.00 144210.00 780.00 150800.00 800.00 151800.00 )
  L7 ( Boulder Houston ) 0.00 0.00 0.00 0.00 ( 20.00 11320.00 40.00 12320.00 60.00 23640.00 80.00 24640.00 100.00 35960.00 120.00 36960.00 140.00 48280.00 160.00 49280.00 180.00 60600.00 200.00 61600.00 220.00 72920.00 240.00 73920.00 260.00 85240.00 280.00 86240.00 300.00 97560.00 320.00 98560.00 340.00 109880.00 360.00 110880.00 380.00 122200.00 400.00 123200.00 420.00 134520.00 440.00 135520.00 460.00 146840.00 480.00 147840.00 500.00 159160.00 520.00 160160.00 540.00 171480.00 560.00 172480.00 580.00 183800.00 600.00 184800.00 620.00 196120.00 640.00 197120.00 660.00 208440.00 680.00 209440.00 700.00 220760.00 720.00 221760.00 740.00 233080.00 760.00 234080.00 780.00 245400.00 800.00 246400.00 )
  L8 ( Boulder Salt-Lake-City ) 0.00 0.00 0.00 0.00 ( 20.00 5730.00 40.00 6730.00 60.00 12460.00 80.00 13460.00 100.00 19190.00 120.00 20190.00 140.00 25920.00 160.00 26920.00 180.00 32650.00 200.00 33650.00 220.00 39380.00 240.00 40380.00 260.00 46110.00 280.00 47110.00 300.00 52840.00 320.00 53840.00 340.00 59570.00 360.00 60570.00 380.00 66300.00 400.00 67300.00 420.00 73030.00 440.00 74030.00 460.00 79760.00 480.00 80760.00 500.00 86490.00 520.00 87490.00 540.00 93220.00 560.00 94220.00 580.00 99950.00 600.00 100950.00 620.00 106680.00 640.00 107680.00 660.00 113410.00 680.00 114410.00 700.00 120140.00 720.00 121140.00 740.00 126870.00 760.00 127870.00 780.00 133600.00 800.00 134600.00 )
  L9 ( Washington Princeton ) 0.00 0.00 0.00 0.00 ( 20.00 3580.00 40.00 4580.00 60.00 8160.00 80.00 9160.00 100.00 12740.00 120.00 13740.00 140.00 17320.00 160.00 18320.00 180.00 21900.00 200.00 22900.00 220.00 26480.00 240.00 27480.00 260.00 31060.00 280.00 32060.00 300.00 35640.00 320.00 36640.00 340.00 40220.00 360.00 41220.00 380.00 44800.00 400.00 45800.00 420.00 49380.00 440.00 50380.00 460.00 53960.00 480.00 54960.00 500.00 58540.00 520.00 59540.00 540.00 63120.00 560.00 64120.00 580.00 67700.00 600.00 68700.00 620.00 72280.00 640.00 73280.00 660.00 76860.00 680.00 77860.00 700.00 81440.00 720.00 82440.00 740.00 86020.00 760.00 87020.00 780.00 90600.00 800.00 91600.00 )
  L10 ( Washington Ithaca ) 0.00 0.00 0.00 0.00 ( 20.00 4440.00 40.00 5440.00 60.00 9880.00 80.00 10880.00 100.00 15320.00 120.00 16320.00 140.00 20760.00 160.00 21760.00 180.00 26200.00 200.00 27200.00 220.00 31640.00 240.00 32640.00 260.00 37080.00 280.00 38080.00 300.00 42520.00 320.00 43520.00 340.00 47960.00 360.00 48960.00 380.00 53400.00 400.00 54400.00 420.00 58840.00 440.00 59840.00 460.00 64280.00 480.00 65280.00 500.00 69720.00 520.00 70720.00 540.00 75160.00 560.00 76160.00 580.00 80600.00 600.00 81600.00 620.00 86040.00 640.00 87040.00 660.00 91480.00 680.00 92480.00 700.00 96920.00 720.00 97920.00 740.00 102360.00 760.00 103360.00 780.00 107800.00 800.00 108800.00 )
  L11 ( Washington Houston ) 0.00 0.00 0.00 0.00 ( 20.00 14760.00 40.00 15760.00 60.00 30520.00 80.00 31520.00 100.00 46280.00 120.00 47280.00 140.00 62040.00 160.00 63040.00 180.00 77800.00 200.00 78800.00 220.00 93560.00 240.00 94560.00 260.00 109320.00 280.00 110320.00 300.00 125080.00 320.00 126080.00 340.00 140840.00 360.00 141840.00 380.00 156600.00 400.00 157600.00 420.00 172360.00 440.00 173360.00 460.00 188120.00 480.00 189120.00 500.00 203880.00 520.00 204880.00 540.00 219640.00 560.00 220640.00 580.00 235400.00 600.00 236400.00 620.00 251160.00 640.00 252160.00 660.00 266920.00 680.00 267920.00 700.00 282680.00 720.00 283680.00 740.00 298440.00 760.00 299440.00 780.00 314200.00 800.00 315200.00 )
  L12 ( Atlanta Pittsburgh ) 0.00 0.00 0.00 0.00 ( 20.00 7450.00 40.00 8450.00 60.00 15900.00 80.00 16900.00 100.00 24350.00 120.00 25350.00 140.00 32800.00 160.00 33800.00 180.00 41250.00 200.00 42250.00 220.00 49700.00 240.00 50700.00 260.00 58150.00 280.00 59150.00 300.00 66600.00 320.00 67600.00 340.00 75050.00 360.00 76050.00 380.00 83500.00 400.00 84500.00 420.00 91950.00 440.00 92950.00 460.00 100400.00 480.00 101400.00 500.00 108850.00 520.00 109850.00 540.00 117300.00 560.00 118300.00 580.00 125750.00 600.00 126750.00 620.00 134200.00 640.00 135200.00 660.00 142650.00 680.00 143650.00 700.00 151100.00 720.00 152100.00 740.00 159550.00 760.00 160550.00 780.00 168000.00 800.00 169000.00 )
  L13 ( Atlanta Houston ) 0.00 0.00 0.00 0.00 ( 20.00 9170.00 40.00 10170.00 60.00 19340.00 80.00 20340.00 100.00 29510.00 120.00 30510.00 140.00 39680.00 160.00 40680.00 180.00 49850.00 200.00 50850.00 220.00 60020.00 240.00 61020.00 260.00 70190.00 280.00 71190.00 300.00 80360.00 320.00 81360.00 340.00 90530.00 360.00 91530.00 380.00 100700.00 400.00 101700.00 420.00 110870.00 440.00 111870.00 460.00 121040.00 480.00 122040.00 500.00 131210.00 520.00 132210.00 540.00 141380.00 560.00 142380.00 580.00 151550.00 600.00 152550.00 620.00 161720.00 640.00 162720.00 660.00 171890.00 680.00 172890.00 700.00 182060.00 720.00 183060.00 740.00 192230.00 760.00 193230.00 780.00 202400.00 800.00 203400.00 )
  L14 ( Urbana-Champaign Lincoln ) 0.00 0.00 0.00 0.00 ( 20.00 6590.00 40.00 7590.00 60.00 14180.00 80.00 15180.00 100.00 21770.00 120.00 22770.00 140.00 29360.00 160.00 30360.00 180.00 36950.00 200.00 37950.00 220.00 44540.00 240.00 45540.00 260.00 52130.00 280.00 53130.00 300.00 59720.00 320.00 60720.00 340.00 67310.00 360.00 68310.00 380.00 74900.00 400.00 75900.00 420.00 82490.00 440.00 83490.00 460.00 90080.00 480.00 91080.00 500.00 97670.00 520.00 98670.00 540.00 105260.00 560.00 106260.00 580.00 112850.00 600.00 113850.00 620.00 120440.00 640.00 121440.00 660.00 128030.00 680.00 129030.00 700.00 135620.00 720.00 136620.00 740.00 143210.00 760.00 144210.00 780.00 150800.00 800.00 151800.00 )
  L15 ( Urbana-Champaign Pittsburgh ) 0.00 0.00 0.00 0.00 ( 20.00 6590.00 40.00 7590.00 60.00 14180.00 80.00 15180.00 100.00 21770.00 120.00 22770.00 140.00 29360.00 160.00 30360.00 180.00 36950.00 200.00 37950.00 220.00 44540.00 240.00 45540.00 260.00 52130.00 280.00 53130.00 300.00 59720.00 320.00 60720.00 340.00 67310.00 360.00 68310.00 380.00 74900.00 400.00 75900.00 420.00 82490.00 440.00 83490.00 460.00 90080.00 480.00 91080.00 500.00 97670.00 520.00 98670.00 540.00 105260.00 560.00 106260.00 580.00 112850.00 600.00 113850.00 620.00 120440.00 640.00 121440.00 660.00 128030.00 680.00 129030.00 700.00 135620.00 720.00 136620.00 740.00 143210.00 760.00 144210.00 780.00 150800.00 800.00 151800.00 )
  L16 ( Urbana-Champaign Seattle ) 0.00 0.00 0.00 0.00 ( 20.00 20350.00 40.00 21350.00 60.00 41700.00 80.00 42700.00 100.00 63050.00 120.00 64050.00 140.00 84400.00 160.00 85400.00 180.00 105750.00 200.00 106750.00 220.00 127100.00 240.00 128100.00 260.00 148450.00 280.00 149450.00 300.00 169800.00 320.00 170800.00 340.00 191150.00 360.00 192150.00 380.00 212500.00 400.00 213500.00 420.00 233850.00 440.00 234850.00 460.00 255200.00 480.00 256200.00 500.00 276550.00 520.00 277550.00 540.00 297900.00 560.00 298900.00 580.00 319250.00 600.00 320250.00 620.00 340600.00 640.00 341600.00 660.00 361950.00 680.00 362950.00 700.00 383300.00 720.00 384300.00 740.00 404650.00 760.00 405650.00 780.00 426000.00 800.00 427000.00 )
  L17 ( Ann-Arbor Princeton ) 0.00 0.00 0.00 0.00 ( 20.00 7020.00 40.00 8020.00 60.00 15040.00 80.00 16040.00 100.00 23060.00 120.00 24060.00 140.00 31080.00 160.00 32080.00 180.00 39100.00 200.00 40100.00 220.00 47120.00 240.00 48120.00 260.00 55140.00 280.00 56140.00 300.00 63160.00 320.00 64160.00 340.00 71180.00 360.00 72180.00 380.00 79200.00 400.00 80200.00 420.00 87220.00 440.00 88220.00 460.00 95240.00 480.00 96240.00 500.00 103260.00 520.00 104260.00 540.00 111280.00 560.00 112280.00 580.00 119300.00 600.00 120300.00 620.00 127320.00 640.00 128320.00 660.00 135340.00 680.00 136340.00 700.00 143360.00 720.00 144360.00 740.00 151380.00 760.00 152380.00 780.00 159400.00 800.00 160400.00 )
  L18 ( Ann-Arbor Ithaca ) 0.00 0.00 0.00 0.00 ( 20.00 6160.00 40.00 7160.00 60.00 13320.00 80.00 14320.00 100.00 20480.00 120.00 21480.00 140.00 27640.00 160.00 28640.00 180.00 34800.00 200.00 35800.00 220.00 41960.00 240.00 42960.00 260.00 49120.00 280.00 50120.00 300.00 56280.00 320.00 57280.00 340.00 63440.00 360.00 64440.00 380.00 70600.00 400.00 71600.00 420.00 77760.00 440.00 78760.00 460.00 84920.00 480.00 85920.00 500.00 92080.00 520.00 93080.00 540.00 99240.00 560.00 100240.00 580.00 106400.00 600.00 107400.00 620.00 113560.00 640.00 114560.00 660.00 120720.00 680.00 121720.00 700.00 127880.00 720.00 128880.00 740.00 135040.00 760.00 136040.00 780.00 142200.00 800.00 143200.00 )
  L19 ( Ann-Arbor Salt-Lake-City ) 0.00 0.00 0.00 0.00 ( 20.00 17340.00 40.00 18340.00 60.00 35680.00 80.00 36680.00 100.00 54020.00 120.00 55020.00 140.00 72360.00 160.00 73360.00 180.00 90700.00 200.00 91700.00 220.00 109040.00 240.00 110040.00 260.00 127380.00 280.00 128380.00 300.00 145720.00 320.00 146720.00 340.00 164060.00 360.00 165060.00 380.00 182400.00 400.00 183400.00 420.00 200740.00 440.00 201740.00 460.00 219080.00 480.00 220080.00 500.00 237420.00 520.00 238420.00 540.00 255760.00 560.00 256760.00 580.00 274100.00 600.00 275100.00 620.00 292440.00 640.00 293440.00 660.00 310780.00 680.00 311780.00 700.00 329120.00 720.00 330120.00 740.00 347460.00 760.00 348460.00 780.00 365800.00 800.00 366800.00 )
  L20 ( Princeton Pittsburgh ) 0.00 0.00 0.00 0.00 ( 20.00 4870.00 40.00 5870.00 60.00 10740.00 80.00 11740.00 100.00 16610.00 120.00 17610.00 140.00 22480.00 160.00 23480.00 180.00 28350.00 200.00 29350.00 220.00 34220.00 240.00 35220.00 260.00 40090.00 280.00 41090.00 300.00 45960.00 320.00 46960.00 340.00 51830.00 360.00 52830.00 380.00 57700.00 400.00 58700.00 420.00 63570.00 440.00 64570.00 460.00 69440.00 480.00 70440.00 500.00 75310.00 520.00 76310.00 540.00 81180.00 560.00 82180.00 580.00 87050.00 600.00 88050.00 620.00 92920.00 640.00 93920.00 660.00 98790.00 680.00 99790.00 700.00 104660.00 720.00 105660.00 740.00 110530.00 760.00 111530.00 780.00 116400.00 800.00 117400.00 )
  L21 ( Ithaca Pittsburgh ) 0.00 0.00 0.00 0.00 ( 20.00 4440.00 40.00 5440.00 60.00 9880.00 80.00 10880.00 100.00 15320.00 120.00 16320.00 140.00 20760.00 160.00 21760.00 180.00 26200.00 200.00 27200.00 220.00 31640.00 240.00 32640.00 260.00 37080.00 280.00 38080.00 300.00 42520.00 320.00 43520.00 340.00 47960.00 360.00 48960.00 380.00 53400.00 400.00 54400.00 420.00 58840.00 440.00 59840.00 460.00 64280.00 480.00 65280.00 500.00 69720.00 520.00 70720.00 540.00 75160.00 560.00 76160.00 580.00 80600.00 600.00 81600.00 620.00 86040.00 640.00 87040.00 660.00 91480.00 680.00 92480.00 700.00 96920.00 720.00 97920.00 740.00 102360.00 760.00 103360.00 780.00 107800.00 800.00 108800.00 )
)

# DEMAND SECTION
#
# <demand_id> ( <source> <target> ) <routing_unit> <demand_value> <max_path_length>

DEMANDS (
  PaloAltoSanDiego ( Palo-Alto San-Diego ) 1 52.00 UNLIMITED
  PaloAltoBoulder ( Palo-Alto Boulder ) 1 18.00 UNLIMITED
  PaloAltoWashington ( Palo-Alto Washington ) 1 32.00 UNLIMITED
  PaloAltoAtlanta ( Palo-Alto Atlanta ) 1 64.00 UNLIMITED
  PaloAltoUrbanaChampaign ( Palo-Alto Urbana-Champaign ) 1 40.00 UNLIMITED
  PaloAltoAnnArbor ( Palo-Alto Ann-Arbor ) 1 34.00 UNLIMITED
  PaloAltoLincoln ( Palo-Alto Lincoln ) 1 14.00 UNLIMITED
  PaloAltoPrinceton ( Palo-Alto Princeton ) 1 16.00 UNLIMITED
  PaloAltoIthaca ( Palo-Alto Ithaca ) 1 50.00 UNLIMITED
  PaloAltoPittsburgh ( Palo-Alto Pittsburgh ) 1 40.00 UNLIMITED
  PaloAltoHouston ( Palo-Alto Houston ) 1 52.00 UNLIMITED
  PaloAltoSaltLakeCity ( Palo-Alto Salt-Lake-City ) 1 22.00 UNLIMITED
  PaloAltoSeattle ( Palo-Alto Seattle ) 1 24.00 UNLIMITED
  SanDiegoBoulder ( San-Diego Boulder ) 1 26.00 UNLIMITED
  SanDiegoWashington ( San-Diego Washington ) 1 46.00 UNLIMITED
  SanDiegoAtlanta ( San-Diego Atlanta ) 1 94.00 UNLIMITED
  SanDiegoUrbanaChampaign ( San-Diego Urbana-Champaign ) 1 58.00 UNLIMITED
  SanDiegoAnnArbor ( San-Diego Ann-Arbor ) 1 48.00 UNLIMITED
  SanDiegoLincoln ( San-Diego Lincoln ) 1 20.00 UNLIMITED
  SanDiegoPrinceton ( San-Diego Princeton ) 1 22.00 UNLIMITED
  SanDiegoIthaca ( San-Diego Ithaca ) 1 74.00 UNLIMITED
  SanDiegoPittsburgh ( San-Diego Pittsburgh ) 1 56.00 UNLIMITED
  SanDiegoHouston ( San-Diego Houston ) 1 76.00 UNLIMITED
  SanDiegoSaltLakeCity ( San-Diego Salt-Lake-City ) 1 30.00 UNLIMITED
  SanDiegoSeattle ( San-Diego Seattle ) 1 32.00 UNLIMITED
  BoulderWashington ( Boulder Washington ) 1 22.00 UNLIMITED
  BoulderAtlanta ( Boulder Atlanta ) 1 44.00 UNLIMITED
  BoulderUrbanaChampaign ( Boulder Urbana-Champaign ) 1 30.00 UNLIMITED
  BoulderAnnArbor ( Boulder Ann-Arbor ) 1 24.00 UNLIMITED
  BoulderLincoln ( Boulder Lincoln ) 1 12.00 UNLIMITED
  BoulderPrinceton ( Boulder Princeton ) 1 10.00 UNLIMITED
  BoulderIthaca ( Boulder Ithaca ) 1 34.00 UNLIMITED
  BoulderPittsburgh ( Boulder Pittsburgh ) 1 26.00 UNLIMITED
  BoulderHouston ( Boulder Houston ) 1 40.00 UNLIMITED
  BoulderSaltLakeCity ( Boulder Salt-Lake-City ) 1 16.00 UNLIMITED
  BoulderSeattle ( Boulder Seattle ) 1 14.00 UNLIMITED
  WashingtonAtlanta ( Washington Atlanta ) 1 122.00 UNLIMITED
  WashingtonUrbanaChampaign ( Washington Urbana-Champaign ) 1 74.00 UNLIMITED
  WashingtonAnnArbor ( Washington Ann-Arbor ) 1 70.00 UNLIMITED
  WashingtonLincoln ( Washington Lincoln ) 1 22.00 UNLIMITED
  WashingtonPrinceton ( Washington Princeton ) 1 60.00 UNLIMITED
  WashingtonIthaca ( Washington Ithaca ) 1 168.00 UNLIMITED
  WashingtonPittsburgh ( Washington Pittsburgh ) 1 194.00 UNLIMITED
  WashingtonHouston ( Washington Houston ) 1 78.00 UNLIMITED
  WashingtonSaltLakeCity ( Washington Salt-Lake-City ) 1 24.00 UNLIMITED
  WashingtonSeattle ( Washington Seattle ) 1 26.00 UNLIMITED
  AtlantaUrbanaChampaign ( Atlanta Urbana-Champaign ) 1 148.00 UNLIMITED
  AtlantaAnnArbor ( Atlanta Ann-Arbor ) 1 126.00 UNLIMITED
  AtlantaLincoln ( Atlanta Lincoln ) 1 44.00 UNLIMITED
  AtlantaPrinceton ( Atlanta Princeton ) 1 54.00 UNLIMITED
  AtlantaIthaca ( Atlanta Ithaca ) 1 182.00 UNLIMITED
  AtlantaPittsburgh ( Atlanta Pittsburgh ) 1 144.00 UNLIMITED
  AtlantaHouston ( Atlanta Houston ) 1 172.00 UNLIMITED
  AtlantaSaltLakeCity ( Atlanta Salt-Lake-City ) 1 46.00 UNLIMITED
  AtlantaSeattle ( Atlanta Seattle ) 1 52.00 UNLIMITED
  UrbanaChampaignAnnArbor ( Urbana-Champaign Ann-Arbor ) 1 102.00 UNLIMITED
  UrbanaChampaignLincoln ( Urbana-Champaign Lincoln ) 1 34.00 UNLIMITED
  UrbanaChampaignPrinceton ( Urbana-Champaign Princeton ) 1 34.00 UNLIMITED
  UrbanaChampaignIthaca ( Urbana-Champaign Ithaca ) 1 114.00 UNLIMITED
  UrbanaChampaignPittsburgh ( Urbana-Champaign Pittsburgh ) 1 88.00 UNLIMITED
  UrbanaChampaignHouston ( Urbana-Champaign Houston ) 1 102.00 UNLIMITED
  UrbanaChampaignSaltLakeCity ( Urbana-Champaign Salt-Lake-City ) 1 30.00 UNLIMITED
  UrbanaChampaignSeattle ( Urbana-Champaign Seattle ) 1 34.00 UNLIMITED
  AnnArborLincoln ( Ann-Arbor Lincoln ) 1 26.00 UNLIMITED
  AnnArborPrinceton ( Ann-Arbor Princeton ) 1 32.00 UNLIMITED
  AnnArborIthaca ( Ann-Arbor Ithaca ) 1 110.00 UNLIMITED
  AnnArborPittsburgh ( Ann-Arbor Pittsburgh ) 1 86.00 UNLIMITED
  AnnArborHouston ( Ann-Arbor Houston ) 1 84.00 UNLIMITED
  AnnArborSaltLakeCity ( Ann-Arbor Salt-Lake-City ) 1 26.00 UNLIMITED
  AnnArborSeattle ( Ann-Arbor Seattle ) 1 28.00 UNLIMITED
  LincolnPrinceton ( Lincoln Princeton ) 1 10.00 UNLIMITED
  LincolnIthaca ( Lincoln Ithaca ) 1 34.00 UNLIMITED
  LincolnPittsburgh ( Lincoln Pittsburgh ) 1 26.00 UNLIMITED
  LincolnHouston ( Lincoln Houston ) 1 38.00 UNLIMITED
  LincolnSaltLakeCity ( Lincoln Salt-Lake-City ) 1 12.00 UNLIMITED
  LincolnSeattle ( Lincoln Seattle ) 1 12.00 UNLIMITED
  PrincetonIthaca ( Princeton Ithaca ) 1 168.00 UNLIMITED
  PrincetonPittsburgh ( Princeton Pittsburgh ) 1 236.00 UNLIMITED
  PrincetonHouston ( Princeton Houston ) 1 36.00 UNLIMITED
  PrincetonSaltLakeCity ( Princeton Salt-Lake-City ) 1 12.00 UNLIMITED
  PrincetonSeattle ( Princeton Seattle ) 1 12.00 UNLIMITED
  IthacaPittsburgh ( Ithaca Pittsburgh ) 1 324.00 UNLIMITED
  IthacaHouston ( Ithaca Houston ) 1 122.00 UNLIMITED
  IthacaSaltLakeCity ( Ithaca Salt-Lake-City ) 1 36.00 UNLIMITED
  IthacaSeattle ( Ithaca Seattle ) 1 42.00 UNLIMITED
  PittsburghHouston ( Pittsburgh Houston ) 1 94.00 UNLIMITED
  PittsburghSaltLakeCity ( Pittsburgh Salt-Lake-City ) 1 28.00 UNLIMITED
  PittsburghSeattle ( Pittsburgh Seattle ) 1 32.00 UNLIMITED
  HoustonSaltLakeCity ( Houston Salt-Lake-City ) 1 40.00 UNLIMITED
  HoustonSeattle ( Houston Seattle ) 1 42.00 UNLIMITED
  SaltLakeCitySeattle ( Salt-Lake-City Seattle ) 1 16.00 UNLIMITED
)

# ADMISSIBLE PATHS SECTION
#
# <demand_id> ( {<path_id> ( <link_id>+ )}+ )

ADMISSIBLE_PATHS ( 
)